19 -> 31 3
175 -> 132 6
85 -> 181 6
182 -> 52 3
118 -> 46 5
43 -> 134 3
130 -> 152 3
75 -> 62 6
189 -> 93 4
8 -> 67 2
3 -> 162 4
7 -> 35 5
33 -> 58 1
7 -> 59 5
98 -> 85 3
9 -> 112 2
1 -> 122 6
3 -> 91 6
63 -> 70 5
181 -> 187 2
128 -> 115 5
179 -> 79 4
59 -> 189 2
137 -> 1 4
114 -> 195 5
117 -> 87 4
80 -> 151 6
72 -> 91 6
46 -> 63 5
94 -> 57 2
51 -> 54 1
20 -> 160 5
100 -> 6 2
121 -> 136 5
47 -> 143 4
187 -> 150 2
103 -> 181 4
162 -> 158 4
2 -> 10 1
151 -> 176 2
102 -> 131 1
170 -> 55 3
82 -> 78 3
177 -> 150 6
142 -> 136 5
85 -> 54 4
83 -> 80 2
4 -> 107 5
100 -> 103 1
40 -> 43 1
10 -> 65 3
50 -> 35 2
19 -> 168 3
138 -> 114 6
5 -> 39 2
113 -> 69 1
114 -> 43 5
98 -> 82 6
136 -> 34 2
153 -> 52 3
131 -> 118 1
22 -> 63 3
2 -> 39 5
13 -> 15 2
106 -> 160 1
143 -> 18 4
134 -> 79 1
11 -> 118 6
164 -> 79 4
131 -> 137 5
156 -> 177 6
12 -> 3 5
6 -> 105 4
10 -> 15 6
105 -> 6 5
139 -> 190 5
25 -> 20 3
1 -> 112 6
3 -> 1 5
2 -> 125 5
136 -> 32 3
162 -> 167 4
193 -> 165 2
51 -> 181 6
6 -> 16 5
131 -> 7 4
57 -> 82 2
146 -> 121 5
29 -> 144 3
23 -> 54 1
69 -> 14 2
63 -> 88 2
70 -> 77 6
16 -> 4 5
137 -> 128 1
42 -> 29 4
18 -> 16 2
62 -> 26 5
5 -> 26 3
4 -> 54 3
85 -> 91 2
61 -> 22 1
61 -> 82 4
151 -> 106 3
82 -> 58 5
10 -> 35 5
86 -> 29 3
145 -> 184 6
121 -> 151 5
165 -> 81 5
5 -> 54 6
25 -> 13 4
125 -> 39 4
61 -> 157 4
130 -> 28 3
159 -> 165 6
84 -> 52 5
6 -> 74 5
56 -> 18 2
115 -> 24 1
69 -> 47 5
54 -> 4 3
18 -> 17 3
36 -> 94 3
132 -> 32 6
149 -> 4 3
137 -> 59 2
100 -> 5 5
149 -> 39 3
3 -> 55 1
36 -> 21 2
128 -> 115 3
32 -> 31 5
7 -> 106 2
22 -> 97 6
162 -> 79 2
33 -> 36 4
195 -> 118 6
22 -> 7 4
29 -> 175 2
139 -> 120 6
137 -> 51 6
16 -> 164 1
63 -> 60 2
162 -> 183 2
66 -> 13 1
13 -> 86 2
13 -> 19 4
141 -> 129 4
118 -> 105 2
35 -> 60 1
3 -> 127 5
6 -> 103 3
130 -> 117 2
153 -> 54 1
14 -> 54 4
152 -> 156 1
181 -> 82 4
100 -> 19 6
39 -> 41 5
178 -> 78 4
20 -> 144 6
44 -> 69 3
83 -> 184 1
29 -> 125 1
13 -> 66 4
127 -> 131 2
63 -> 6 3
36 -> 178 2
17 -> 42 1
184 -> 23 5
31 -> 29 2
46 -> 121 1
63 -> 54 4
15 -> 14 4
140 -> 47 3
13 -> 4 2
4 -> 85 4
190 -> 178 4
47 -> 60 1
127 -> 193 2
51 -> 83 5
52 -> 150 2
7 -> 33 3
32 -> 131 2
9 -> 7 2
13 -> 115 3
75 -> 57 1
61 -> 72 1
13 -> 71 1
115 -> 16 1
103 -> 19 3
5 -> 30 3
80 -> 77 3
120 -> 145 6
7 -> 18 2
143 -> 106 1
119 -> 109 2
40 -> 63 3
100 -> 51 3
100 -> 57 5
10 -> 53 6
9 -> 18 5
138 -> 16 4
117 -> 105 2
22 -> 66 6
19 -> 125 5
41 -> 32 3
83 -> 58 2
141 -> 187 1
97 -> 43 4
110 -> 8 2
176 -> 184 2
43 -> 4 5
94 -> 4 1
128 -> 117 4
92 -> 29 4
6 -> 4 5
154 -> 107 3
104 -> 176 6
12 -> 103 4
94 -> 10 3
61 -> 12 3
118 -> 121 1
55 -> 110 1
125 -> 164 6
8 -> 109 2
32 -> 20 5
6 -> 103 6
119 -> 135 6
7 -> 12 4
27 -> 38 2
58 -> 33 1
188 -> 184 4
66 -> 16 4
29 -> 88 5
33 -> 25 2
177 -> 153 3
131 -> 6 6
22 -> 19 4
15 -> 85 4
13 -> 63 5
164 -> 64 2
176 -> 80 2
76 -> 78 1
4 -> 101 4
55 -> 112 4
100 -> 126 1
102 -> 28 4
2 -> 11 2
133 -> 143 1
104 -> 103 2
38 -> 19 6
153 -> 151 4
115 -> 105 4
95 -> 47 2
31 -> 137 5
178 -> 51 4
7 -> 13 4
60 -> 6 2
98 -> 193 6
61 -> 66 6
13 -> 75 6
158 -> 105 5
104 -> 16 3
2 -> 27 5
100 -> 101 3
16 -> 14 1
85 -> 132 6
8 -> 4 4
64 -> 20 1
29 -> 28 1
15 -> 3 2
71 -> 54 2
170 -> 88 3
187 -> 177 5
64 -> 98 6
54 -> 6 1
35 -> 17 5
3 -> 40 4
168 -> 172 6
151 -> 76 3
122 -> 72 5
19 -> 44 5
22 -> 7 6
180 -> 100 5
43 -> 133 5
73 -> 54 4
36 -> 103 3
29 -> 14 1
66 -> 15 5
187 -> 151 5
17 -> 14 4
150 -> 52 2
68 -> 67 6
1 -> 4 2
100 -> 39 1
90 -> 110 6
107 -> 11 4
72 -> 85 4
20 -> 72 6
4 -> 6 2
48 -> 16 2
188 -> 164 1
101 -> 2 3
82 -> 40 4
1 -> 105 4
198 -> 173 5
13 -> 19 4
169 -> 119 6
119 -> 160 2
45 -> 38 5
103 -> 28 6
123 -> 143 5
59 -> 9 3
23 -> 1 4
20 -> 65 2
191 -> 115 4
2 -> 17 2
17 -> 47 3
190 -> 189 1
169 -> 166 3
115 -> 8 6
10 -> 11 1
122 -> 166 3
40 -> 143 2
176 -> 128 4
7 -> 9 1
128 -> 79 5
34 -> 35 3
96 -> 46 3
38 -> 19 1
123 -> 22 3
68 -> 61 4
66 -> 15 6
175 -> 123 1
59 -> 133 5
10 -> 115 5
82 -> 32 2
40 -> 178 6
63 -> 14 1
1 -> 109 2
52 -> 67 4
116 -> 115 5
101 -> 107 4
72 -> 20 6
20 -> 19 6
125 -> 40 6
63 -> 118 6
143 -> 100 5
16 -> 21 5
152 -> 162 4
4 -> 6 5
2 -> 4 2
103 -> 115 5
97 -> 49 3
44 -> 5 1
34 -> 131 5
4 -> 57 1
115 -> 4 5
63 -> 16 4
131 -> 6 5
194 -> 137 4
7 -> 19 3
10 -> 1 4
89 -> 80 1
63 -> 181 6
70 -> 51 2
147 -> 77 4
187 -> 181 5
7 -> 80 6
1 -> 3 2
25 -> 19 2
126 -> 92 5
184 -> 33 3
30 -> 4 6
125 -> 53 4
32 -> 131 3
153 -> 156 2
68 -> 66 1
72 -> 111 5
4 -> 137 1
19 -> 144 4
31 -> 76 2
95 -> 92 1
151 -> 125 4
106 -> 104 3
42 -> 126 5
26 -> 1 1
41 -> 32 5
66 -> 17 5
37 -> 29 2
44 -> 128 4
48 -> 190 6
184 -> 186 5
105 -> 5 5
181 -> 178 2
57 -> 7 6
77 -> 45 1
72 -> 64 1
67 -> 64 5
141 -> 42 2
26 -> 4 2
122 -> 25 3
7 -> 19 1
125 -> 139 1
115 -> 91 5
23 -> 19 2
1 -> 53 3
1 -> 107 6
41 -> 34 4
16 -> 4 2
101 -> 106 2
85 -> 66 4
121 -> 128 3
178 -> 156 1
59 -> 9 4
51 -> 57 1
36 -> 81 3
129 -> 30 1
119 -> 19 4
109 -> 134 4
86 -> 20 6
178 -> 143 3
106 -> 6 5
21 -> 134 1
2 -> 150 5
3 -> 77 5
53 -> 127 3
159 -> 146 4
136 -> 104 3
29 -> 40 4
165 -> 118 6
56 -> 63 4
4 -> 7 5
29 -> 4 2
59 -> 73 1
179 -> 196 5
14 -> 13 4
140 -> 181 6
125 -> 4 2
2 -> 8 3
1 -> 25 1
63 -> 5 6
107 -> 106 3
91 -> 178 2
76 -> 77 6
47 -> 72 1
76 -> 85 2
106 -> 174 5
12 -> 7 4
41 -> 47 4
84 -> 15 5
187 -> 190 1
67 -> 47 2
31 -> 28 1
161 -> 62 6
154 -> 153 1
27 -> 128 6
41 -> 53 1
192 -> 180 5
165 -> 54 3
54 -> 170 5
10 -> 7 2
42 -> 64 3
54 -> 3 1
26 -> 4 1
7 -> 2 3
142 -> 127 1
72 -> 13 3
159 -> 122 4
193 -> 95 3
154 -> 55 3
63 -> 17 2
120 -> 1 5
84 -> 54 5
136 -> 153 3
150 -> 94 2
146 -> 137 2
41 -> 131 3
93 -> 41 1
101 -> 119 2
38 -> 27 5
130 -> 180 5
54 -> 7 2
35 -> 146 3
107 -> 157 6
78 -> 180 2
26 -> 27 1
20 -> 107 2
42 -> 16 1
164 -> 126 2
31 -> 155 6
79 -> 97 1
22 -> 38 3
25 -> 24 5
32 -> 8 1
85 -> 127 1
41 -> 100 6
85 -> 57 3
2 -> 109 1
70 -> 66 5
60 -> 17 6
13 -> 127 1
90 -> 188 6
4 -> 54 3
100 -> 137 3
60 -> 174 1
157 -> 109 5
118 -> 10 3
35 -> 33 5
116 -> 81 5
102 -> 12 6
5 -> 131 6
99 -> 68 4
116 -> 5 4
25 -> 69 3
64 -> 88 3
96 -> 32 2
69 -> 74 4
190 -> 66 2
123 -> 146 4
2 -> 100 1
141 -> 16 5
13 -> 66 3
96 -> 83 1
57 -> 1 1
8 -> 20 5
6 -> 74 6
10 -> 53 6
60 -> 54 4
151 -> 70 1
16 -> 3 4
53 -> 139 4
49 -> 146 6
57 -> 66 2
39 -> 13 3
128 -> 142 6
76 -> 6 3
102 -> 121 3
115 -> 16 2
36 -> 27 4
47 -> 41 1
1 -> 26 2
195 -> 145 3
193 -> 103 5
85 -> 63 6
60 -> 72 4
107 -> 17 2
115 -> 117 1
47 -> 15 5
153 -> 165 3
99 -> 198 4
88 -> 36 1
5 -> 19 5
128 -> 148 1
100 -> 101 6
195 -> 189 3
125 -> 187 5
169 -> 195 5
178 -> 27 2
2 -> 26 2
4 -> 29 1
64 -> 73 5
66 -> 13 1
41 -> 29 1
104 -> 141 2
29 -> 5 2
1 -> 137 2
182 -> 27 5
143 -> 53 1
4 -> 54 5
108 -> 118 3
32 -> 34 6
143 -> 193 2
132 -> 29 4
102 -> 177 3
26 -> 40 1
178 -> 167 2
183 -> 21 6
29 -> 130 4
4 -> 6 4
29 -> 130 6
164 -> 65 6
126 -> 133 2
41 -> 4 3
100 -> 5 4
143 -> 30 2
147 -> 121 5
16 -> 32 6
93 -> 69 3
34 -> 127 1
14 -> 10 2
1 -> 159 3
55 -> 106 6
89 -> 48 2
106 -> 7 5
87 -> 44 4
156 -> 60 4
191 -> 131 2
39 -> 178 4
159 -> 109 6
29 -> 35 6
114 -> 15 2
114 -> 117 6
112 -> 109 4
55 -> 82 4
90 -> 28 3
2 -> 5 4
57 -> 196 6
10 -> 2 3
129 -> 30 6
154 -> 80 3
38 -> 90 3
14 -> 17 4
39 -> 14 1
13 -> 15 1
29 -> 2 4
13 -> 93 4
26 -> 175 6
86 -> 30 3
58 -> 72 5
97 -> 44 5
45 -> 47 4
60 -> 94 4
165 -> 134 1
40 -> 177 3
29 -> 60 6
61 -> 54 4
79 -> 178 3
84 -> 36 2
118 -> 117 5
1 -> 19 6
119 -> 45 1
157 -> 58 5
152 -> 7 5
70 -> 13 5
60 -> 130 3
2 -> 110 4
12 -> 36 6
99 -> 146 2
1 -> 191 1
82 -> 193 4
148 -> 165 2
153 -> 13 5
104 -> 17 3
88 -> 83 4
103 -> 52 2
55 -> 17 4
11 -> 20 6
137 -> 94 2
3 -> 32 4
113 -> 112 1
164 -> 106 2
4 -> 54 4
57 -> 54 6
21 -> 9 4
8 -> 178 3
11 -> 50 3
6 -> 18 5
63 -> 152 5
35 -> 5 5
69 -> 53 5
144 -> 132 1
32 -> 9 6
100 -> 173 4
152 -> 177 4
193 -> 150 6
97 -> 8 1
177 -> 101 1
5 -> 117 6
104 -> 19 6
7 -> 77 5
76 -> 79 2
54 -> 51 5
112 -> 104 5
101 -> 102 3
44 -> 14 6
50 -> 37 6
37 -> 51 5
26 -> 76 2
123 -> 156 4
63 -> 52 1
115 -> 47 2
108 -> 120 4
2 -> 8 5
29 -> 178 2
158 -> 177 5
44 -> 103 6
171 -> 158 3
123 -> 117 5
20 -> 119 5
35 -> 84 5
9 -> 21 2
82 -> 80 1
76 -> 96 5
89 -> 91 1
47 -> 22 3
140 -> 125 6
23 -> 122 4
7 -> 118 3
38 -> 43 3
18 -> 111 6
112 -> 19 3
79 -> 85 5
173 -> 167 4
150 -> 1 1
3 -> 60 6
116 -> 104 2
6 -> 28 4
13 -> 26 1
13 -> 100 2
159 -> 7 6
143 -> 144 1
36 -> 31 3
154 -> 10 3
72 -> 45 5
46 -> 7 5
65 -> 77 3
15 -> 4 1
79 -> 159 5
31 -> 29 4
163 -> 54 2
157 -> 126 4
88 -> 103 2
54 -> 27 4
4 -> 103 6
7 -> 2 1
2 -> 27 2
141 -> 17 6
160 -> 58 2
4 -> 100 1
77 -> 26 6
10 -> 60 3
21 -> 13 4
55 -> 86 3
67 -> 17 5
34 -> 31 3
69 -> 19 1
43 -> 88 5
100 -> 8 1
97 -> 193 4
68 -> 90 3
63 -> 57 5
51 -> 7 5
164 -> 189 5
103 -> 109 1
196 -> 190 2
182 -> 164 2
155 -> 178 2
166 -> 116 6
60 -> 171 6
106 -> 160 4
17 -> 63 6
69 -> 121 1
41 -> 43 6
115 -> 113 3
177 -> 180 6
176 -> 162 6
104 -> 110 3
20 -> 4 6
69 -> 18 3
171 -> 162 5
32 -> 78 6
13 -> 81 5
38 -> 76 4
157 -> 36 6
78 -> 51 5
100 -> 121 6
76 -> 36 6
179 -> 190 2
54 -> 52 1
165 -> 66 6
76 -> 27 1
63 -> 85 6
42 -> 1 3
38 -> 30 5
155 -> 87 3
138 -> 151 3
38 -> 143 5
28 -> 131 3
162 -> 102 2
16 -> 115 4
135 -> 105 1
7 -> 4 4
58 -> 40 6
13 -> 1 6
11 -> 109 5
8 -> 58 3
46 -> 114 4
78 -> 22 3
31 -> 106 4
51 -> 29 5
159 -> 177 5
69 -> 187 2
136 -> 29 6
7 -> 3 4
76 -> 92 2
61 -> 8 1
89 -> 51 5
13 -> 117 6
158 -> 164 5
103 -> 77 3
89 -> 91 6
169 -> 63 4
25 -> 19 4
2 -> 26 5
26 -> 134 2
192 -> 193 4
77 -> 90 2
35 -> 127 4
3 -> 10 1
16 -> 41 1
103 -> 188 1
35 -> 10 5
52 -> 77 3
35 -> 28 1
1 -> 40 6
19 -> 22 6
108 -> 106 5
16 -> 55 2
53 -> 55 3
137 -> 131 3
67 -> 17 4
79 -> 64 5
197 -> 112 2
4 -> 41 2
145 -> 84 3
39 -> 30 5
28 -> 51 2
5 -> 1 1
54 -> 1 3
55 -> 104 3
13 -> 39 3
102 -> 9 2
31 -> 128 3
52 -> 58 4
81 -> 84 6
26 -> 76 2
59 -> 57 4
57 -> 53 4
75 -> 121 6
58 -> 191 6
37 -> 22 6
112 -> 103 2
43 -> 13 5
105 -> 6 6
14 -> 52 1
183 -> 119 2
13 -> 19 6
34 -> 40 6
22 -> 69 6
162 -> 164 3
77 -> 51 1
57 -> 38 3
180 -> 186 4
28 -> 40 6
188 -> 14 5
164 -> 68 1
10 -> 115 1
185 -> 82 3
63 -> 72 2
100 -> 125 4
165 -> 19 6
157 -> 182 1
44 -> 88 3
118 -> 116 6
4 -> 54 3
150 -> 164 4
138 -> 39 6
139 -> 15 4
27 -> 119 4
21 -> 100 1
153 -> 68 2
143 -> 3 5
151 -> 101 1
138 -> 125 4
9 -> 53 3
88 -> 21 5
64 -> 52 5
18 -> 13 4
140 -> 118 4
117 -> 115 4
57 -> 118 3
97 -> 40 5
133 -> 24 5
120 -> 143 3
10 -> 32 4
8 -> 58 5
106 -> 116 1
72 -> 54 4
10 -> 103 1
194 -> 169 4
104 -> 172 1
4 -> 22 6
112 -> 13 5
85 -> 10 6
155 -> 56 1
106 -> 41 1
51 -> 54 6
28 -> 26 1
182 -> 5 3
68 -> 65 2
130 -> 29 1
78 -> 3 6
69 -> 57 4
112 -> 162 4
13 -> 16 5
103 -> 128 1
56 -> 7 1
60 -> 87 2
128 -> 98 2
81 -> 180 1
114 -> 117 3
94 -> 44 5
102 -> 109 4
117 -> 56 6
131 -> 19 1
28 -> 130 3
100 -> 137 2
175 -> 113 6
137 -> 44 2
197 -> 135 4
54 -> 60 4
5 -> 184 2
52 -> 51 1
40 -> 95 1
150 -> 51 6
100 -> 29 1
193 -> 62 5
51 -> 52 3
154 -> 150 5
5 -> 103 2
71 -> 164 1
5 -> 16 3
18 -> 3 1
134 -> 186 3
77 -> 5 2
20 -> 8 3
9 -> 120 2
83 -> 151 4
65 -> 74 1
18 -> 41 4
145 -> 168 3
102 -> 38 3
1 -> 127 6
117 -> 41 1
31 -> 29 6
116 -> 118 1
12 -> 3 4
9 -> 10 1
29 -> 26 1
52 -> 53 1
2 -> 9 1
131 -> 7 2
100 -> 115 2
69 -> 117 3
101 -> 107 3
162 -> 70 6
65 -> 37 5
90 -> 165 6
92 -> 121 1
16 -> 3 6
4 -> 51 6
1 -> 4 4
76 -> 88 6
98 -> 72 4
155 -> 167 4
8 -> 106 4
4 -> 7 2
171 -> 16 5
120 -> 114 4
7 -> 106 2
13 -> 109 6
62 -> 12 1
188 -> 87 1
105 -> 28 2
112 -> 145 4
113 -> 168 3
109 -> 74 2
71 -> 90 3
10 -> 22 3
162 -> 156 1
67 -> 135 4
166 -> 92 1
52 -> 126 5
76 -> 34 1
133 -> 140 2
103 -> 104 2
94 -> 164 6
133 -> 135 5
106 -> 175 1
128 -> 56 2
22 -> 45 3
1 -> 102 6
26 -> 126 5
73 -> 23 5
6 -> 4 3
161 -> 1 3
160 -> 103 6
44 -> 66 4
19 -> 18 6
79 -> 74 2
121 -> 112 4
178 -> 153 4
70 -> 89 3
1 -> 114 1
165 -> 168 5
82 -> 9 2
178 -> 131 2
158 -> 170 1
29 -> 26 4
31 -> 10 3
150 -> 156 3
145 -> 132 6
66 -> 68 3
103 -> 30 2
1 -> 100 2
29 -> 126 3
42 -> 13 3
181 -> 138 6
57 -> 7 1
66 -> 54 6
38 -> 1 4
20 -> 22 5
1 -> 51 4
108 -> 136 6
28 -> 40 3
76 -> 81 2
47 -> 119 4
55 -> 154 1
87 -> 34 4
51 -> 153 1
82 -> 168 4
3 -> 1 4
54 -> 112 5
100 -> 107 6
67 -> 37 1
103 -> 27 2
43 -> 6 2
37 -> 100 2
89 -> 193 2
42 -> 5 5
35 -> 93 4
1 -> 4 3
183 -> 158 5
173 -> 166 6
29 -> 7 4
4 -> 5 4
87 -> 82 6
150 -> 1 1
32 -> 26 1
186 -> 196 2
7 -> 54 3
13 -> 2 3
72 -> 164 6
19 -> 26 1
19 -> 14 5
170 -> 158 2
3 -> 165 5
115 -> 8 5
54 -> 4 2
101 -> 107 6
1 -> 51 5
177 -> 19 4
141 -> 177 4
113 -> 1 6
2 -> 26 3
37 -> 81 1
11 -> 1 4
35 -> 40 2
85 -> 65 3
4 -> 31 1
90 -> 73 2
170 -> 85 6
176 -> 129 3
106 -> 101 1
152 -> 107 2
24 -> 32 1
2 -> 13 2
193 -> 156 6
126 -> 115 3
117 -> 22 2
126 -> 132 2
58 -> 184 6
131 -> 143 3
121 -> 145 6
84 -> 63 1
62 -> 31 3
57 -> 51 4
182 -> 191 3
104 -> 23 2
57 -> 51 3
153 -> 166 3
84 -> 16 6
164 -> 152 3
187 -> 178 5
119 -> 67 6
153 -> 78 4
60 -> 22 5
17 -> 61 2
186 -> 190 5
61 -> 159 3
150 -> 126 5
122 -> 146 1
59 -> 62 4
51 -> 175 4
144 -> 121 2
28 -> 140 5
146 -> 198 3
118 -> 6 1
60 -> 91 5
163 -> 52 4
82 -> 146 1
27 -> 28 3
20 -> 121 1
109 -> 171 5
29 -> 38 6
131 -> 106 3
150 -> 63 5
165 -> 192 1
5 -> 112 4
41 -> 112 2
44 -> 20 2
52 -> 151 1
153 -> 106 4
27 -> 114 1
156 -> 21 6
37 -> 38 6
63 -> 45 4
83 -> 58 1
28 -> 35 5
175 -> 127 5
1 -> 16 5
97 -> 87 1
38 -> 51 3
12 -> 173 6
28 -> 78 3
10 -> 61 6
161 -> 28 1
114 -> 150 4
79 -> 57 1
7 -> 108 2
70 -> 36 3
147 -> 25 2
198 -> 195 4
112 -> 13 1
171 -> 168 3
168 -> 165 4
94 -> 38 3
89 -> 82 5
174 -> 66 4
179 -> 87 1
70 -> 110 4
91 -> 29 6
109 -> 41 1
156 -> 182 5
110 -> 118 3
3 -> 9 3
50 -> 56 1
60 -> 63 1
75 -> 17 4
166 -> 162 5
95 -> 97 6
1 -> 18 1
78 -> 88 5
140 -> 141 3
52 -> 59 5
4 -> 100 2
122 -> 29 4
187 -> 112 6
34 -> 28 3
153 -> 122 2
163 -> 176 1
164 -> 114 4
173 -> 117 1
104 -> 122 5
143 -> 158 2
4 -> 5 1
126 -> 131 2
32 -> 31 1
118 -> 5 1
175 -> 127 4
5 -> 92 6
112 -> 1 1
138 -> 141 4
175 -> 143 3
138 -> 137 4
11 -> 86 3
68 -> 93 3
52 -> 27 5
19 -> 4 2
111 -> 133 4
114 -> 13 2
16 -> 69 5
57 -> 7 1
168 -> 100 1
39 -> 37 5
104 -> 130 5
32 -> 100 6
160 -> 165 3
120 -> 118 5
4 -> 26 1
68 -> 96 6
142 -> 125 1
175 -> 162 3
170 -> 46 6
178 -> 29 6
138 -> 139 3
77 -> 96 4
54 -> 152 4
89 -> 92 3
177 -> 188 3
165 -> 169 6
41 -> 32 6
32 -> 27 1
112 -> 3 1
21 -> 19 3
83 -> 183 2
188 -> 78 2
168 -> 70 5
48 -> 122 3
188 -> 19 1
10 -> 21 1
60 -> 168 2
116 -> 102 2
9 -> 3 4
195 -> 143 6
117 -> 7 3
87 -> 177 5
63 -> 51 3
48 -> 92 4
156 -> 100 4
34 -> 10 5
117 -> 130 6
99 -> 40 1
16 -> 54 2
82 -> 163 4
22 -> 7 2
38 -> 112 6
3 -> 59 6
63 -> 74 3
12 -> 7 6
57 -> 32 6
136 -> 88 1
7 -> 4 3
100 -> 1 1
134 -> 128 3
13 -> 89 6
48 -> 19 1
22 -> 23 5
87 -> 88 3
21 -> 97 1
22 -> 15 2
156 -> 105 5
21 -> 15 1
79 -> 10 2
134 -> 79 2
83 -> 38 4
71 -> 62 4
46 -> 84 6
105 -> 152 6
109 -> 159 1
196 -> 29 1
63 -> 20 3
119 -> 146 4
53 -> 189 3
35 -> 2 3
190 -> 16 2
80 -> 85 4
177 -> 128 6
168 -> 144 5
2 -> 52 6
181 -> 175 1
152 -> 114 3
7 -> 41 4
134 -> 159 1
178 -> 156 2
21 -> 163 3
2 -> 54 2
190 -> 146 1
64 -> 82 3
35 -> 7 2
167 -> 180 6
160 -> 7 3
94 -> 188 1
4 -> 5 3
138 -> 91 1
109 -> 198 4
3 -> 181 4
42 -> 115 4
164 -> 165 5
54 -> 79 5
158 -> 10 1
140 -> 137 4
16 -> 56 2
140 -> 93 3
82 -> 32 6
10 -> 7 3
128 -> 134 2
168 -> 163 6
14 -> 121 4
2 -> 1 3
157 -> 170 4
108 -> 134 2
8 -> 104 1
99 -> 88 1
39 -> 42 2
106 -> 11 2
32 -> 143 6
1 -> 4 1
157 -> 137 6
121 -> 9 6
57 -> 13 1
175 -> 8 3
69 -> 19 6
14 -> 113 1
178 -> 180 3
151 -> 7 3
155 -> 4 5
85 -> 33 4
156 -> 102 5
107 -> 15 1
99 -> 18 1
181 -> 184 2
29 -> 175 3
69 -> 72 4
15 -> 20 6
168 -> 178 2
2 -> 76 3
61 -> 56 1
13 -> 4 3
45 -> 22 5
35 -> 33 4
131 -> 161 6
10 -> 14 5
134 -> 136 4
108 -> 109 5
105 -> 110 3
190 -> 189 6
9 -> 28 5
156 -> 127 3
41 -> 79 3
95 -> 119 4
83 -> 32 1
113 -> 68 2
155 -> 167 1
100 -> 187 2
16 -> 54 3
29 -> 85 3
168 -> 162 4
181 -> 188 3
14 -> 119 2
22 -> 197 5
42 -> 10 2
190 -> 171 5
170 -> 171 6
159 -> 162 1
21 -> 161 1
71 -> 21 1
177 -> 190 6
123 -> 137 5
125 -> 132 4
140 -> 47 4
86 -> 79 1
44 -> 26 5
9 -> 106 5
18 -> 56 4
1 -> 129 4
109 -> 144 4
88 -> 4 3
140 -> 66 3
7 -> 150 3
13 -> 103 4
47 -> 40 3
13 -> 7 4
6 -> 5 2
17 -> 5 4
160 -> 103 6
11 -> 32 5
84 -> 112 1
153 -> 165 6
8 -> 10 4
67 -> 27 6
79 -> 7 6
104 -> 5 5
69 -> 38 6
10 -> 112 4
15 -> 16 6
29 -> 132 5
108 -> 132 5
60 -> 121 1
70 -> 75 1
90 -> 19 5
9 -> 105 5
102 -> 6 5
152 -> 146 4
101 -> 26 3
41 -> 29 5
95 -> 39 3
165 -> 112 1
5 -> 104 4
106 -> 156 2
138 -> 105 5
45 -> 94 2
82 -> 51 5
14 -> 125 5
3 -> 153 2
162 -> 32 5
184 -> 63 5
26 -> 40 6
32 -> 100 6
4 -> 16 1
102 -> 3 1
165 -> 164 3
106 -> 109 1
159 -> 37 3
32 -> 35 6
53 -> 76 6
71 -> 78 5
126 -> 112 3
76 -> 38 5
43 -> 102 4
1 -> 16 3
164 -> 158 5
5 -> 103 1
196 -> 144 4
35 -> 146 1
110 -> 159 3
26 -> 77 2
190 -> 149 6
179 -> 175 4
10 -> 103 3
13 -> 112 4
1 -> 152 5
158 -> 7 2
165 -> 116 1
101 -> 55 6
76 -> 51 3
196 -> 82 5
6 -> 5 5
23 -> 107 1
70 -> 137 4
184 -> 44 4
159 -> 121 4
39 -> 48 2
15 -> 174 1
77 -> 72 2
29 -> 63 5
125 -> 112 6
63 -> 66 5
63 -> 13 6
10 -> 107 1
76 -> 26 6
43 -> 19 5
11 -> 36 3
97 -> 74 5
18 -> 22 2
113 -> 27 2
57 -> 69 5
76 -> 38 6
112 -> 63 3
52 -> 11 2
128 -> 29 3
37 -> 31 2
145 -> 120 2
164 -> 162 5
30 -> 31 1
13 -> 82 1
82 -> 20 2
32 -> 125 3
128 -> 86 1
112 -> 101 2
51 -> 162 4
38 -> 57 3
57 -> 4 6
20 -> 19 3
4 -> 113 3
35 -> 82 4
54 -> 60 1
102 -> 3 3
165 -> 160 6
38 -> 1 5
179 -> 153 3
42 -> 115 3
163 -> 169 3
23 -> 44 5
68 -> 82 5
29 -> 26 4
6 -> 12 3
109 -> 107 3
54 -> 56 6
41 -> 44 5
86 -> 109 3
83 -> 137 6
77 -> 27 4
21 -> 130 3
1 -> 13 4
114 -> 1 1
60 -> 54 5
125 -> 131 6
97 -> 82 2
32 -> 16 2
130 -> 145 2
153 -> 66 6
129 -> 41 4
156 -> 181 3
94 -> 76 4
142 -> 123 6
149 -> 133 3
9 -> 1 6
57 -> 27 5
23 -> 7 5
120 -> 134 5
32 -> 143 3
51 -> 53 1
46 -> 41 2
153 -> 3 3
85 -> 4 6
91 -> 88 4
107 -> 106 2
71 -> 115 2
104 -> 128 3
119 -> 122 2
131 -> 162 6
81 -> 71 3
181 -> 178 4
29 -> 52 5
3 -> 7 6
4 -> 30 2
113 -> 89 4
160 -> 110 6
22 -> 72 1
73 -> 143 3
61 -> 55 2
38 -> 65 2
16 -> 10 2
109 -> 108 3
109 -> 161 6
137 -> 13 6
178 -> 170 2
2 -> 3 2
85 -> 8 6
44 -> 29 4
125 -> 112 3
33 -> 36 1
143 -> 109 4
27 -> 2 1
16 -> 139 6
90 -> 78 2
81 -> 12 1
121 -> 112 1
13 -> 69 1
138 -> 168 6
3 -> 109 4
109 -> 103 3
124 -> 19 6
116 -> 142 4
44 -> 22 5
27 -> 44 2
52 -> 2 1
125 -> 102 4
66 -> 165 6
100 -> 26 1
29 -> 5 2
58 -> 76 2
72 -> 79 3
102 -> 183 1
31 -> 13 4
143 -> 132 3
127 -> 10 4
187 -> 51 5
159 -> 118 3
45 -> 132 4
190 -> 163 4
101 -> 195 2
92 -> 38 6
2 -> 11 2
38 -> 35 2
13 -> 63 2
107 -> 4 4
63 -> 161 3
60 -> 77 6
4 -> 68 2
60 -> 30 5
85 -> 29 1
3 -> 53 6
76 -> 54 6
112 -> 115 6
121 -> 112 3
54 -> 91 4
114 -> 102 1
147 -> 140 5
1 -> 169 6
165 -> 140 4
174 -> 73 5
5 -> 88 6
113 -> 112 4
140 -> 141 2
82 -> 181 3
145 -> 159 3
51 -> 22 5
29 -> 7 6
3 -> 108 5
18 -> 68 6
90 -> 78 5
80 -> 176 4
104 -> 103 4
146 -> 133 6
36 -> 35 4
7 -> 100 2
162 -> 164 4
72 -> 178 2
193 -> 142 4
4 -> 54 2
43 -> 142 3
140 -> 144 4
172 -> 62 5
47 -> 37 6
46 -> 10 2
16 -> 162 1
4 -> 15 5
133 -> 198 2
121 -> 31 2
110 -> 39 2
12 -> 60 6
56 -> 44 1
4 -> 116 4
97 -> 10 6
67 -> 5 4
57 -> 23 2
19 -> 9 3
52 -> 151 3
26 -> 30 3
41 -> 46 5
150 -> 156 1
118 -> 42 4
51 -> 85 4
184 -> 3 1
3 -> 6 5
120 -> 121 5
113 -> 2 3
15 -> 78 2
26 -> 41 5
117 -> 127 5
68 -> 15 3
35 -> 10 5
56 -> 53 3
65 -> 170 3
65 -> 51 6
6 -> 78 2
109 -> 107 4
29 -> 77 1
60 -> 24 3
62 -> 4 6
145 -> 120 6
60 -> 54 4
168 -> 38 6
26 -> 130 1
100 -> 91 3
12 -> 10 5
113 -> 4 2
13 -> 14 5
49 -> 180 5
131 -> 32 4
10 -> 4 6
66 -> 19 5
67 -> 77 6
57 -> 109 4
137 -> 150 1
190 -> 17 4
152 -> 113 1
66 -> 6 1
134 -> 142 2
112 -> 150 4
4 -> 37 2
112 -> 114 2
158 -> 85 5
11 -> 112 6
22 -> 10 6
10 -> 150 6
47 -> 103 4
142 -> 118 1
128 -> 199 4
104 -> 118 1
9 -> 12 2
30 -> 3 6
197 -> 140 3
55 -> 103 2
41 -> 39 6
122 -> 147 3
178 -> 110 4
32 -> 31 4
142 -> 49 4
180 -> 134 2
150 -> 177 5
4 -> 31 6
184 -> 120 4
16 -> 54 2
114 -> 120 2
112 -> 13 2
40 -> 127 4
152 -> 76 1
76 -> 52 2
118 -> 63 5
19 -> 78 4
181 -> 47 5
149 -> 121 6
153 -> 66 6
77 -> 39 2
153 -> 156 4
28 -> 79 2
138 -> 126 2
140 -> 27 2
185 -> 197 4
167 -> 20 4
32 -> 35 4
26 -> 5 6
89 -> 4 5
64 -> 70 5
128 -> 33 4
18 -> 16 4
27 -> 55 3
103 -> 72 1
115 -> 103 5
129 -> 141 1
8 -> 104 3
79 -> 90 6
44 -> 16 1
54 -> 66 5
48 -> 121 5
42 -> 94 2
35 -> 1 1
5 -> 154 4
59 -> 83 3
128 -> 100 2
27 -> 4 5
152 -> 3 3
22 -> 65 4
107 -> 2 3
29 -> 128 2
85 -> 94 2
9 -> 12 6
13 -> 99 6
28 -> 127 5
167 -> 171 6
33 -> 85 2
179 -> 191 5
16 -> 112 2
79 -> 60 3
86 -> 57 1
103 -> 10 5
152 -> 3 2
8 -> 45 6
90 -> 139 5
183 -> 121 6
15 -> 3 2
8 -> 54 2
111 -> 34 2
79 -> 30 4
53 -> 6 2
82 -> 49 2
17 -> 16 6
101 -> 1 6
54 -> 4 6
103 -> 108 4
21 -> 120 4
94 -> 87 6
15 -> 41 5
57 -> 45 6
74 -> 133 5
29 -> 190 3
60 -> 155 6
178 -> 154 6
38 -> 129 1
108 -> 127 1
106 -> 151 3
134 -> 84 5
106 -> 156 6
38 -> 40 6
106 -> 12 2
24 -> 43 6
128 -> 41 6
25 -> 19 6
51 -> 65 5
181 -> 26 3
5 -> 2 4
2 -> 54 3
1 -> 13 2
132 -> 58 4
12 -> 23 4
7 -> 2 1
106 -> 7 6
57 -> 87 3
139 -> 164 5
54 -> 60 2
54 -> 67 3
125 -> 32 1
103 -> 11 2
7 -> 13 3
66 -> 74 6
95 -> 20 6
63 -> 70 4
132 -> 131 1
15 -> 77 3
28 -> 88 1
118 -> 114 1
16 -> 13 1
45 -> 64 3
28 -> 31 6
17 -> 14 6
29 -> 56 1
157 -> 107 1
62 -> 87 1
78 -> 26 2
154 -> 156 4
4 -> 29 5
155 -> 103 3
90 -> 194 5
88 -> 63 2
1 -> 51 3
55 -> 4 3
25 -> 108 1
67 -> 113 4
38 -> 131 3
76 -> 51 2
7 -> 57 4
1 -> 4 1
7 -> 33 3
163 -> 165 2
14 -> 113 4
8 -> 13 3
88 -> 78 2
130 -> 177 5
38 -> 60 1
31 -> 4 2
157 -> 61 2
30 -> 47 4
162 -> 168 3
112 -> 185 2
182 -> 106 3
4 -> 16 5
168 -> 51 5
164 -> 170 6
189 -> 187 1
16 -> 26 5
19 -> 3 6
90 -> 114 1
26 -> 76 2
106 -> 38 5
5 -> 104 4
184 -> 84 2
119 -> 7 3
142 -> 148 4
138 -> 122 4
173 -> 22 6
22 -> 163 1
29 -> 126 5
130 -> 56 4
127 -> 82 2
167 -> 10 5
156 -> 150 4
77 -> 54 4
106 -> 4 4
116 -> 163 1
103 -> 2 4
125 -> 118 2
77 -> 7 4
12 -> 8 1
29 -> 89 6
54 -> 125 1
162 -> 112 5
98 -> 67 1
128 -> 175 6
94 -> 89 2
162 -> 178 4
107 -> 108 1
149 -> 128 4
143 -> 47 4
120 -> 4 1
115 -> 114 4
120 -> 195 5
164 -> 102 1
186 -> 170 4
122 -> 119 4
13 -> 22 2
13 -> 66 4
29 -> 47 1
146 -> 105 6
49 -> 84 3
7 -> 8 1
106 -> 4 4
156 -> 82 3
105 -> 13 6
17 -> 115 5
128 -> 12 5
26 -> 1 3
159 -> 4 3
165 -> 121 3
1 -> 7 6
142 -> 2 6
3 -> 1 5
16 -> 19 1
95 -> 92 6
5 -> 29 5
80 -> 77 1
106 -> 89 3
64 -> 91 6
134 -> 96 2
51 -> 56 2
144 -> 36 3
128 -> 52 1
24 -> 12 1
28 -> 35 6
181 -> 94 2
63 -> 1 3
85 -> 70 1
84 -> 57 6
56 -> 90 3
84 -> 9 5
1 -> 140 4
100 -> 198 5
53 -> 189 2
102 -> 6 5
116 -> 98 2
57 -> 51 1
18 -> 13 4
54 -> 55 1
106 -> 69 5
122 -> 11 6
170 -> 156 3
95 -> 91 5
4 -> 26 6
8 -> 102 1
168 -> 71 3
40 -> 84 6
80 -> 79 6
140 -> 29 1
177 -> 198 3
29 -> 27 6
53 -> 4 4
28 -> 20 2
31 -> 3 4
134 -> 136 4
64 -> 17 2
42 -> 73 2
58 -> 184 2
29 -> 41 5
136 -> 79 1
119 -> 168 4
69 -> 192 5
40 -> 19 5
139 -> 112 2
110 -> 58 5
191 -> 165 2
131 -> 10 3
16 -> 1 5
11 -> 19 6
82 -> 52 1
148 -> 145 6
178 -> 177 4
82 -> 70 6
156 -> 31 5
156 -> 54 5
26 -> 180 5
125 -> 127 1
59 -> 118 1
189 -> 139 3
51 -> 128 6
88 -> 163 1
121 -> 103 6
13 -> 46 3
167 -> 29 4
16 -> 4 2
101 -> 7 4
143 -> 193 4
148 -> 43 2
41 -> 39 5
67 -> 3 6
44 -> 77 4
143 -> 38 1
77 -> 30 3
69 -> 8 1
150 -> 53 2
16 -> 89 6
37 -> 38 1
6 -> 28 2
107 -> 151 2
154 -> 125 6
153 -> 152 1
62 -> 78 6
167 -> 18 2
51 -> 7 3
109 -> 108 5
94 -> 137 5
109 -> 156 4
81 -> 84 1
11 -> 29 5
83 -> 85 2
19 -> 65 3
53 -> 81 5
59 -> 153 3
176 -> 175 5
24 -> 69 6
126 -> 82 1
80 -> 5 2
132 -> 187 4
33 -> 2 3
19 -> 74 1
39 -> 38 5
144 -> 29 6
146 -> 198 2
169 -> 13 3
177 -> 151 1
33 -> 32 3
165 -> 67 4
155 -> 151 1
84 -> 7 3
41 -> 66 2
2 -> 100 2
66 -> 25 4
37 -> 21 1
2 -> 27 2
154 -> 106 3
36 -> 37 2
63 -> 58 6
78 -> 34 6
7 -> 110 1
42 -> 180 4
153 -> 156 3
125 -> 187 4
13 -> 8 1
9 -> 108 2
118 -> 119 5
18 -> 4 6
58 -> 8 5
92 -> 82 3
152 -> 137 3
101 -> 100 4
59 -> 21 2
139 -> 15 3
20 -> 13 1
19 -> 140 6
55 -> 48 6
54 -> 57 6
113 -> 125 1
19 -> 38 5
24 -> 103 3
30 -> 4 5
112 -> 88 5
103 -> 7 1
120 -> 65 1
82 -> 89 4
143 -> 137 4
130 -> 16 5
27 -> 35 6
33 -> 111 1
92 -> 29 3
63 -> 60 5
168 -> 69 1
67 -> 69 3
57 -> 44 6
59 -> 57 3
189 -> 65 6
99 -> 22 3
6 -> 4 2
27 -> 79 3
72 -> 115 4
26 -> 40 3
162 -> 165 6
164 -> 76 5
57 -> 35 3
130 -> 136 4
16 -> 60 2
184 -> 168 3
109 -> 16 1
143 -> 131 1
103 -> 179 2
155 -> 130 5
110 -> 163 6
35 -> 33 2
151 -> 55 4
53 -> 177 1
81 -> 170 2
65 -> 64 5
100 -> 6 1
140 -> 19 3
128 -> 57 6
77 -> 58 2
10 -> 66 2
140 -> 128 2
24 -> 9 4
32 -> 107 5
30 -> 5 4
137 -> 139 3
69 -> 38 2
138 -> 190 6
36 -> 42 1
93 -> 79 6
97 -> 63 2
28 -> 79 4
56 -> 92 4
54 -> 164 1
63 -> 68 2
107 -> 109 6
146 -> 50 2
53 -> 52 3
30 -> 79 6
33 -> 144 2
55 -> 85 3
53 -> 59 3
168 -> 65 5
13 -> 112 1
100 -> 157 3
105 -> 102 6
54 -> 156 3
167 -> 173 5
108 -> 7 2
93 -> 32 4
14 -> 38 3
57 -> 88 2
43 -> 29 3
103 -> 187 5
94 -> 76 1
27 -> 15 3
150 -> 162 6
23 -> 29 2
103 -> 54 5
103 -> 34 2
30 -> 27 4
150 -> 13 4
85 -> 79 2
32 -> 42 5
59 -> 70 6
2 -> 14 2
13 -> 6 3
187 -> 153 2
137 -> 141 1
102 -> 118 2
16 -> 6 5
183 -> 154 6
1 -> 3 1
6 -> 54 1
196 -> 91 2
69 -> 10 6
21 -> 9 4
108 -> 137 1
80 -> 190 5
42 -> 48 5
62 -> 58 6
163 -> 143 4
12 -> 6 1
64 -> 7 6
30 -> 38 6
41 -> 22 3
10 -> 44 3
104 -> 110 5
13 -> 107 4
77 -> 85 3
137 -> 11 6
69 -> 82 5
69 -> 115 2
162 -> 112 3
63 -> 64 6
21 -> 7 1
139 -> 114 2
46 -> 15 4
102 -> 153 6
115 -> 154 1
7 -> 27 2
19 -> 14 3
138 -> 128 2
44 -> 140 6
120 -> 118 6
41 -> 47 6
13 -> 10 4
78 -> 142 5
2 -> 73 4
165 -> 101 3
140 -> 19 1
146 -> 171 4
103 -> 107 4
181 -> 1 3
28 -> 161 1
41 -> 48 3
177 -> 102 1
78 -> 53 4
158 -> 103 6
41 -> 38 6
44 -> 198 4
88 -> 34 6
153 -> 157 5
56 -> 6 1
134 -> 129 4
9 -> 65 4
60 -> 160 5
69 -> 122 6
140 -> 47 4
80 -> 101 4
67 -> 17 3
133 -> 6 3
93 -> 15 6
171 -> 199 2
81 -> 40 1
14 -> 73 2
26 -> 42 3
67 -> 18 2
39 -> 144 4
35 -> 1 4
11 -> 20 2
112 -> 53 4
86 -> 80 1
3 -> 112 4
131 -> 38 3
1 -> 26 2
10 -> 41 3
61 -> 110 3
113 -> 5 1
72 -> 71 4
46 -> 113 4
28 -> 26 1
126 -> 28 1
151 -> 101 5
24 -> 65 1
14 -> 7 5
165 -> 82 6
38 -> 128 4
9 -> 47 2
46 -> 22 4
116 -> 5 3
39 -> 27 6
112 -> 115 2
156 -> 62 2
113 -> 160 1
45 -> 3 2
156 -> 175 4
24 -> 111 1
4 -> 68 2
69 -> 32 5
76 -> 13 6
122 -> 17 5
21 -> 69 2
131 -> 63 1
147 -> 77 1
69 -> 38 4
33 -> 13 1
19 -> 3 1
87 -> 3 3
67 -> 35 2
57 -> 60 2
115 -> 121 3
140 -> 142 4
170 -> 6 4
151 -> 154 1
7 -> 19 2
102 -> 52 6
162 -> 63 3
175 -> 157 5
87 -> 124 6
47 -> 34 5
183 -> 110 4
20 -> 57 5
103 -> 10 2
100 -> 156 4
30 -> 4 2
92 -> 91 2
109 -> 118 5
150 -> 57 3
3 -> 53 4
82 -> 88 4
39 -> 113 3
3 -> 28 4
13 -> 101 3
195 -> 21 5
72 -> 97 5
165 -> 16 2
114 -> 165 5
131 -> 4 2
27 -> 33 2
2 -> 95 1
69 -> 68 6
151 -> 157 1
103 -> 10 6
10 -> 19 5
168 -> 128 6
162 -> 112 4
101 -> 11 3
2 -> 113 2
131 -> 35 3
169 -> 137 3
15 -> 96 4
77 -> 163 2
71 -> 2 1
57 -> 14 6
76 -> 145 6
3 -> 18 6
54 -> 73 5
7 -> 187 4
112 -> 100 4
137 -> 134 1
69 -> 47 1
163 -> 188 4
119 -> 152 6
17 -> 89 6
143 -> 78 3
13 -> 16 3
12 -> 6 5
4 -> 153 5
15 -> 71 3
21 -> 19 3
127 -> 139 5
75 -> 124 1
121 -> 139 3
11 -> 55 4
15 -> 22 3
26 -> 40 5
165 -> 193 4
129 -> 128 1
126 -> 125 6
82 -> 94 6
76 -> 151 3
162 -> 153 4
44 -> 19 3
66 -> 64 4
88 -> 177 4
20 -> 10 3
140 -> 79 2
11 -> 134 3
153 -> 88 3
1 -> 100 5
72 -> 171 2
32 -> 187 2
33 -> 35 1
170 -> 159 4
55 -> 157 1
124 -> 137 1
22 -> 16 4
132 -> 45 6
63 -> 172 2
8 -> 21 1
57 -> 60 3
171 -> 139 3
76 -> 30 6
4 -> 79 5
16 -> 3 6
162 -> 187 3
53 -> 10 1
10 -> 8 4
106 -> 46 1
27 -> 30 3
115 -> 139 6
167 -> 164 3
107 -> 109 4
92 -> 190 6
190 -> 113 4
27 -> 185 2
51 -> 155 4
65 -> 139 6
175 -> 152 1
119 -> 140 2
75 -> 13 3
69 -> 7 2
57 -> 83 5
94 -> 69 1
90 -> 16 5
36 -> 176 5
79 -> 32 6
140 -> 141 2
127 -> 152 3
165 -> 171 2
9 -> 3 5
101 -> 125 6
27 -> 76 6
4 -> 101 1
187 -> 126 2
129 -> 176 5
146 -> 106 2
34 -> 25 3
165 -> 175 3
16 -> 52 5
158 -> 153 3
35 -> 37 6
99 -> 74 3
89 -> 47 5
179 -> 22 2
7 -> 5 6
14 -> 19 6
109 -> 193 4
7 -> 106 1
62 -> 155 2
101 -> 2 3
77 -> 17 2
57 -> 6 6
40 -> 43 1
135 -> 36 2
90 -> 44 5
121 -> 120 3
74 -> 160 3
109 -> 7 3
79 -> 27 5
29 -> 27 1
125 -> 14 3
64 -> 2 2
83 -> 59 6
130 -> 38 2
140 -> 144 2
9 -> 26 1
153 -> 60 5
13 -> 41 6
18 -> 105 4
78 -> 59 2
13 -> 40 5
67 -> 18 4
166 -> 112 4
101 -> 188 5
113 -> 17 6
102 -> 31 3
32 -> 26 2
87 -> 96 4
57 -> 19 1
80 -> 126 3
100 -> 150 6
153 -> 166 6
81 -> 178 1
22 -> 11 6
77 -> 26 3
78 -> 57 5
63 -> 65 2
59 -> 61 4
150 -> 151 4
100 -> 175 2
20 -> 2 6
7 -> 5 1
116 -> 31 5
32 -> 7 4
67 -> 63 2
56 -> 38 4
31 -> 12 2
6 -> 123 1
15 -> 113 1
101 -> 118 2
106 -> 125 5
68 -> 120 6
7 -> 9 5
5 -> 27 4
100 -> 57 6
79 -> 186 4
32 -> 131 3
7 -> 34 6
150 -> 54 1
81 -> 38 4
27 -> 53 5
59 -> 151 3
172 -> 151 5
146 -> 22 4
31 -> 79 4
106 -> 156 1
161 -> 3 6
175 -> 125 2
10 -> 13 1
109 -> 36 5
66 -> 162 1
18 -> 53 5
12 -> 101 2
86 -> 187 2
35 -> 36 4
184 -> 178 6
58 -> 14 5
52 -> 106 5
35 -> 7 5
11 -> 119 6
10 -> 158 5
127 -> 35 2
72 -> 121 5
66 -> 14 6
6 -> 102 3
134 -> 91 2
143 -> 168 6
78 -> 79 6
7 -> 13 2
178 -> 30 5
11 -> 36 5
15 -> 28 3
195 -> 178 1
7 -> 1 6
164 -> 153 5
12 -> 6 5
52 -> 80 1
112 -> 33 3
20 -> 48 3
32 -> 15 5
137 -> 28 3
12 -> 112 1
153 -> 114 5
41 -> 76 3
134 -> 125 6
98 -> 194 6
178 -> 102 6
27 -> 4 3
142 -> 140 3
57 -> 56 5
69 -> 66 6
51 -> 63 2
105 -> 3 5
11 -> 61 4
88 -> 191 6
3 -> 101 4
51 -> 13 3
129 -> 128 4
11 -> 9 6
40 -> 3 2
181 -> 131 1
4 -> 10 6
7 -> 106 2
109 -> 7 5
142 -> 137 2
14 -> 171 5
19 -> 13 6
57 -> 126 3
55 -> 79 2
177 -> 134 3
88 -> 79 6
58 -> 155 4
28 -> 103 4
161 -> 84 4
100 -> 3 1
20 -> 86 4
26 -> 2 6
69 -> 4 1
167 -> 145 5
51 -> 88 6
112 -> 44 6
20 -> 33 1
1 -> 4 3
129 -> 29 5
30 -> 61 6
10 -> 33 6
182 -> 185 6
122 -> 107 4
132 -> 92 4
132 -> 103 2
38 -> 14 5
55 -> 54 2
130 -> 43 3
125 -> 4 4
100 -> 1 5
37 -> 29 6
146 -> 47 6
2 -> 118 3
19 -> 130 1
111 -> 23 4
16 -> 1 2
36 -> 151 5
65 -> 76 3
1 -> 2 6
22 -> 15 2
91 -> 140 3
38 -> 162 6
86 -> 55 1
167 -> 4 2
175 -> 151 4
11 -> 30 1
16 -> 15 3
33 -> 126 6
102 -> 8 4
76 -> 13 1
190 -> 165 2
3 -> 26 4
26 -> 29 4
101 -> 100 3
3 -> 53 5
125 -> 30 5
112 -> 137 5
59 -> 152 1
178 -> 127 6
57 -> 13 5
35 -> 171 1
69 -> 8 6
187 -> 101 3
195 -> 193 3
74 -> 96 4
4 -> 32 1
153 -> 101 5
171 -> 110 3
32 -> 128 1
69 -> 19 4
151 -> 52 5
177 -> 78 4
9 -> 8 5
45 -> 32 1
106 -> 123 1
8 -> 7 4
55 -> 18 3
140 -> 105 2
162 -> 63 1
106 -> 118 5
131 -> 7 1
103 -> 26 6
170 -> 120 5
13 -> 7 5
174 -> 166 6
112 -> 29 1
77 -> 32 2
1 -> 51 3
4 -> 159 4
35 -> 38 5
106 -> 21 4
94 -> 54 1
34 -> 111 5
58 -> 88 2
140 -> 54 5
114 -> 153 6
60 -> 110 5
115 -> 18 3
46 -> 133 6
51 -> 15 6
23 -> 10 4
79 -> 85 5
154 -> 128 4
91 -> 15 4
77 -> 82 4
23 -> 16 5
73 -> 20 3
72 -> 60 3
121 -> 118 3
143 -> 41 6
20 -> 72 1
188 -> 168 5
94 -> 95 6
77 -> 36 5
146 -> 129 6
63 -> 13 4
27 -> 103 1
3 -> 26 2
156 -> 3 5
60 -> 67 2
27 -> 83 4
57 -> 42 5
52 -> 17 6
101 -> 107 1
110 -> 109 1
69 -> 1 1
108 -> 190 4
13 -> 16 4
21 -> 22 1
16 -> 23 6
85 -> 10 5
118 -> 63 1
196 -> 41 6
154 -> 52 4
127 -> 44 6
100 -> 85 1
74 -> 88 3
193 -> 76 5
178 -> 130 4
126 -> 129 6
7 -> 4 4
150 -> 1 3
61 -> 55 6
192 -> 153 1
2 -> 17 5
127 -> 38 6
14 -> 6 5
172 -> 118 4
141 -> 116 1
115 -> 16 4
165 -> 152 3
111 -> 24 6
135 -> 109 1
170 -> 123 2
65 -> 54 1
162 -> 1 4
144 -> 174 3
165 -> 64 1
6 -> 1 5
89 -> 126 1
60 -> 35 4
5 -> 107 2
151 -> 82 1
9 -> 109 4
22 -> 172 3
32 -> 99 3
44 -> 1 2
90 -> 78 4
153 -> 3 2
89 -> 52 2
112 -> 66 4
84 -> 183 3
103 -> 107 4
118 -> 143 5
4 -> 64 3
131 -> 106 6
4 -> 143 2
34 -> 144 4
112 -> 104 6
103 -> 54 5
38 -> 39 6
60 -> 131 3
187 -> 112 3
79 -> 4 2
18 -> 11 2
14 -> 188 2
131 -> 125 5
1 -> 79 6
193 -> 187 1
151 -> 153 4
10 -> 134 5
79 -> 89 6
4 -> 8 3
155 -> 154 1
60 -> 3 3
54 -> 4 2
156 -> 103 5
17 -> 1 2
190 -> 142 1
29 -> 30 1
111 -> 12 4
163 -> 100 3
129 -> 30 6
109 -> 34 4
177 -> 77 5
42 -> 159 3
7 -> 9 6
102 -> 131 6
79 -> 57 4
11 -> 50 1
113 -> 112 6
45 -> 33 5
1 -> 109 3
91 -> 137 5
164 -> 63 6
35 -> 32 3
7 -> 57 2
11 -> 10 6
39 -> 2 3
178 -> 176 5
4 -> 153 5
127 -> 102 1
35 -> 91 1
38 -> 82 1
57 -> 156 3
178 -> 153 6
131 -> 133 1
64 -> 168 4
12 -> 110 3
9 -> 162 5
61 -> 85 5
25 -> 106 1
81 -> 72 1
33 -> 109 1
28 -> 1 6
2 -> 33 2
110 -> 5 5
141 -> 144 1
58 -> 51 2
116 -> 16 1
9 -> 35 3
72 -> 60 5
85 -> 122 1
117 -> 12 4
22 -> 121 4
53 -> 156 5
3 -> 161 5
150 -> 115 3
5 -> 51 1
165 -> 153 3
18 -> 68 4
162 -> 156 4
4 -> 54 6
146 -> 44 6
114 -> 168 6
3 -> 60 1
193 -> 175 4
140 -> 109 6
24 -> 111 2
61 -> 57 4
84 -> 82 4
143 -> 115 5
164 -> 167 1
181 -> 178 4
75 -> 99 1
183 -> 196 4
126 -> 106 6
66 -> 143 2
39 -> 27 1
82 -> 88 6
128 -> 84 6
123 -> 105 3
110 -> 108 1
156 -> 10 5
25 -> 24 1
41 -> 101 5
38 -> 142 3
26 -> 32 6
49 -> 24 5
64 -> 89 2
34 -> 90 6
32 -> 30 2
52 -> 62 5
171 -> 128 2
190 -> 128 2
19 -> 8 4
106 -> 112 1
88 -> 66 5
57 -> 156 3
175 -> 22 6
10 -> 22 2
16 -> 144 6
22 -> 196 5
23 -> 179 4
175 -> 76 6
38 -> 39 5
78 -> 32 2
106 -> 156 3
14 -> 39 1
79 -> 175 2
143 -> 102 4
147 -> 163 5
160 -> 161 1
102 -> 4 4
167 -> 191 5
65 -> 5 2
21 -> 45 2
66 -> 7 1
60 -> 19 3
32 -> 34 4
153 -> 131 6
76 -> 94 3
81 -> 38 2
91 -> 112 6
85 -> 84 2
2 -> 104 3
104 -> 8 1
106 -> 100 6
104 -> 116 4
89 -> 76 5
119 -> 113 1
14 -> 89 2
113 -> 143 4
60 -> 57 5
53 -> 33 6
112 -> 171 1
52 -> 66 1
112 -> 107 5
10 -> 61 1
156 -> 181 2
131 -> 108 3
66 -> 167 6
17 -> 66 4
148 -> 41 4
28 -> 1 4
60 -> 54 4
107 -> 47 4
12 -> 6 3
144 -> 98 6
162 -> 163 6
21 -> 45 4
115 -> 105 4
126 -> 103 3
171 -> 156 1
58 -> 150 6
37 -> 28 4
65 -> 74 4
95 -> 187 1
13 -> 8 6
18 -> 16 2
54 -> 2 2
64 -> 190 3
22 -> 7 4
58 -> 83 1
1 -> 76 4
132 -> 165 3
63 -> 69 4
32 -> 119 4
1 -> 139 5
180 -> 81 2
14 -> 13 3
28 -> 32 6
140 -> 129 3
193 -> 164 2
7 -> 69 3
10 -> 134 2
109 -> 132 2
106 -> 107 6
105 -> 152 5
177 -> 178 5
127 -> 28 6
83 -> 82 6
31 -> 13 4
80 -> 76 6
56 -> 10 5
75 -> 99 4
125 -> 102 6
4 -> 17 3
11 -> 110 5
51 -> 57 3
28 -> 65 1
16 -> 39 5
38 -> 110 6
14 -> 194 4
117 -> 155 5
111 -> 105 5
6 -> 12 3
182 -> 157 3
31 -> 99 6
2 -> 100 6
28 -> 91 6
5 -> 42 6
100 -> 159 1
112 -> 1 3
145 -> 120 2
85 -> 178 5
53 -> 7 3
89 -> 187 2
7 -> 1 5
146 -> 65 2
60 -> 63 5
108 -> 9 6
47 -> 184 4
30 -> 57 6
66 -> 51 4
7 -> 51 1
5 -> 103 3
63 -> 51 3
107 -> 110 4
100 -> 125 4
38 -> 26 4
92 -> 88 1
103 -> 72 1
189 -> 96 6
53 -> 142 1
128 -> 136 1
45 -> 42 1
30 -> 2 6
126 -> 42 2
9 -> 21 3
1 -> 26 4
175 -> 150 1
28 -> 109 3
54 -> 56 2
128 -> 103 1
58 -> 3 4
140 -> 29 3
87 -> 69 4
32 -> 1 4
19 -> 12 6
3 -> 52 2
112 -> 13 1
51 -> 60 2
101 -> 8 4
70 -> 19 6
104 -> 4 3
143 -> 16 2
19 -> 63 1
137 -> 36 6
4 -> 31 1
149 -> 121 5
183 -> 9 4
4 -> 49 6
7 -> 58 4
42 -> 44 2
10 -> 12 5
158 -> 57 2
34 -> 8 3
103 -> 109 2
100 -> 142 1
10 -> 51 3
120 -> 16 3
126 -> 134 6
43 -> 31 4
53 -> 6 5
112 -> 114 3
19 -> 13 5
30 -> 16 2
56 -> 3 5
149 -> 13 3
52 -> 82 3
12 -> 186 4
88 -> 19 2
179 -> 103 6
162 -> 13 3
7 -> 120 2
51 -> 66 2
155 -> 136 1
88 -> 28 4
187 -> 181 3
64 -> 20 2
14 -> 16 2
38 -> 7 3
54 -> 64 5
28 -> 53 1
54 -> 167 6
193 -> 128 6
12 -> 9 4
6 -> 31 3
115 -> 60 6
33 -> 83 3
133 -> 108 6
20 -> 27 4
16 -> 152 4
191 -> 97 5
141 -> 116 6
28 -> 103 1
10 -> 88 5
11 -> 35 4
40 -> 133 6
73 -> 86 2
134 -> 184 4
24 -> 148 6
32 -> 129 4
100 -> 156 6
176 -> 88 5
60 -> 58 1
30 -> 31 3
165 -> 68 2
144 -> 58 6
150 -> 100 5
13 -> 1 5
67 -> 77 4
21 -> 15 4
105 -> 7 6
151 -> 63 6
192 -> 167 4
192 -> 57 1
118 -> 100 1
187 -> 171 3
3 -> 10 3
74 -> 163 4
123 -> 111 1
177 -> 133 1
179 -> 80 2
130 -> 180 5
57 -> 52 6
39 -> 11 5
82 -> 129 2
130 -> 81 3
9 -> 137 4
19 -> 194 2
18 -> 19 5
79 -> 164 5
35 -> 7 2
34 -> 38 4
59 -> 1 3
7 -> 5 5
37 -> 33 2
3 -> 6 2
1 -> 26 3
135 -> 184 6
9 -> 71 3
91 -> 140 3
5 -> 101 1
138 -> 101 4
7 -> 26 2
63 -> 106 1
10 -> 47 4
150 -> 145 4
106 -> 103 1
181 -> 79 4
109 -> 20 5
187 -> 94 4
76 -> 54 4
89 -> 193 1
62 -> 111 5
95 -> 89 6
124 -> 165 6
33 -> 8 1
37 -> 71 6
159 -> 183 4
105 -> 30 1
79 -> 196 4
17 -> 102 6
102 -> 111 3
168 -> 181 5
114 -> 20 4
197 -> 165 3
4 -> 5 3
4 -> 6 6
51 -> 156 1
17 -> 103 1
178 -> 184 4
113 -> 76 6
181 -> 157 1
13 -> 112 6
57 -> 51 5
31 -> 139 5
20 -> 118 5
111 -> 110 5
97 -> 35 4
151 -> 27 3
45 -> 39 4
88 -> 97 6
72 -> 13 1
63 -> 100 1
47 -> 146 3
177 -> 155 2
102 -> 103 3
113 -> 193 2
33 -> 26 2
87 -> 82 4
138 -> 141 2
102 -> 9 3
19 -> 6 4
33 -> 184 3
27 -> 77 3
140 -> 14 5
56 -> 6 4
9 -> 10 3
36 -> 108 5
27 -> 122 6
109 -> 112 5
6 -> 26 2
8 -> 100 1
120 -> 64 6
125 -> 14 3
76 -> 164 4
163 -> 73 5
41 -> 89 5
189 -> 91 6
82 -> 53 3
2 -> 85 1
7 -> 106 2
186 -> 131 4
74 -> 51 1
28 -> 87 5
4 -> 103 1
103 -> 4 6
175 -> 159 3
154 -> 38 1
88 -> 189 1
83 -> 176 4
6 -> 40 3
112 -> 171 5
109 -> 7 4
54 -> 92 2
90 -> 82 6
51 -> 175 3
29 -> 4 5
13 -> 35 5
80 -> 182 4
57 -> 181 1
26 -> 1 2
82 -> 134 2
54 -> 76 4
77 -> 64 1
20 -> 47 6
108 -> 181 3
131 -> 159 3
13 -> 15 1
94 -> 92 6
25 -> 17 1
57 -> 69 1
165 -> 46 5
7 -> 32 2
29 -> 109 6
45 -> 77 6
77 -> 119 4
115 -> 113 1
72 -> 158 3
51 -> 3 2
120 -> 13 4
32 -> 4 2
103 -> 102 1
32 -> 78 6
103 -> 152 4
32 -> 49 2
118 -> 65 3
54 -> 76 3
9 -> 60 2
176 -> 77 6
159 -> 160 6
35 -> 146 1
19 -> 34 4
119 -> 160 2
7 -> 184 5
154 -> 150 1
77 -> 80 6
79 -> 31 2
176 -> 128 5
188 -> 166 6
2 -> 10 6
28 -> 133 4
57 -> 78 6
121 -> 184 2
7 -> 11 5
106 -> 158 1
127 -> 31 3
131 -> 124 2
143 -> 118 2
22 -> 149 5
126 -> 113 4
111 -> 63 5
70 -> 55 1
63 -> 2 1
57 -> 53 1
70 -> 147 6
4 -> 17 6
127 -> 31 1
104 -> 122 4
26 -> 2 5
103 -> 133 4
104 -> 51 1
38 -> 32 5
47 -> 102 1
66 -> 85 5
3 -> 7 6
91 -> 190 4
19 -> 168 3
59 -> 10 5
47 -> 134 4
57 -> 1 1
81 -> 54 1
192 -> 29 6
55 -> 175 1
14 -> 63 6
98 -> 45 4
5 -> 55 1
156 -> 171 3
48 -> 23 2
15 -> 43 4
57 -> 21 1
79 -> 90 2
25 -> 38 5
87 -> 94 5
72 -> 115 6
175 -> 178 6
103 -> 55 4
168 -> 162 3
79 -> 165 5
184 -> 84 3
40 -> 139 2
177 -> 6 2
114 -> 27 5
18 -> 7 1
168 -> 15 3
63 -> 187 3
29 -> 4 6
4 -> 20 1
71 -> 53 6
14 -> 16 6
41 -> 47 1
6 -> 153 3
60 -> 54 3
47 -> 22 2
4 -> 5 3
22 -> 102 3
60 -> 77 3
156 -> 21 2
58 -> 2 4
153 -> 57 2
76 -> 128 3
19 -> 16 1
7 -> 44 5
69 -> 64 3
4 -> 106 5
112 -> 102 3
125 -> 32 3
127 -> 180 4
44 -> 13 4
17 -> 72 4
124 -> 104 2
104 -> 4 6
168 -> 171 2
65 -> 18 4
26 -> 41 6
17 -> 16 5
23 -> 47 2
4 -> 6 3
173 -> 159 1
23 -> 138 4
159 -> 71 6
57 -> 61 1
102 -> 11 3
106 -> 100 5
27 -> 104 3
184 -> 169 1
89 -> 17 2
106 -> 9 4
14 -> 8 4
59 -> 53 4
18 -> 6 4
155 -> 10 3
61 -> 86 1
57 -> 7 2
35 -> 31 5
128 -> 127 4
162 -> 187 6
2 -> 125 3
17 -> 19 5
151 -> 2 1
38 -> 137 2
7 -> 175 6
198 -> 99 6
142 -> 140 6
23 -> 115 5
156 -> 52 3
128 -> 104 3
123 -> 171 4
3 -> 1 1
16 -> 13 6
35 -> 29 5
51 -> 78 4
103 -> 151 1
41 -> 184 6
68 -> 177 6
156 -> 144 4
95 -> 180 4
102 -> 113 4
6 -> 7 6
69 -> 21 2
31 -> 8 2
57 -> 159 3
146 -> 73 5
36 -> 8 6
47 -> 35 4
157 -> 193 5
149 -> 97 5
164 -> 71 4
102 -> 114 6
18 -> 140 3
195 -> 149 2
171 -> 166 6
181 -> 82 5
60 -> 160 6
79 -> 28 3
19 -> 116 3
13 -> 3 5
181 -> 150 3
118 -> 19 3
64 -> 83 3
125 -> 46 6
83 -> 95 3
16 -> 5 1
148 -> 184 5
14 -> 11 2
72 -> 23 1
138 -> 125 3
4 -> 69 1
162 -> 103 4
45 -> 15 2
29 -> 18 5
7 -> 10 5
180 -> 102 4
38 -> 13 1
7 -> 6 6
26 -> 28 2
37 -> 2 6
70 -> 44 1
29 -> 128 2
2 -> 14 2
162 -> 45 6
158 -> 168 1
111 -> 18 5
7 -> 1 5
49 -> 3 3
66 -> 165 1
24 -> 66 3
1 -> 51 1
19 -> 93 5
73 -> 72 1
144 -> 185 2
161 -> 68 3
7 -> 44 4
16 -> 6 6
160 -> 10 5
26 -> 112 6
123 -> 155 2
183 -> 3 3
24 -> 109 6
22 -> 112 4
82 -> 80 2
162 -> 112 3
101 -> 171 3
35 -> 107 1
133 -> 9 5
13 -> 44 1
29 -> 147 3
92 -> 116 5
187 -> 131 4
101 -> 28 1
102 -> 152 5
52 -> 51 6
124 -> 56 4
13 -> 38 3
103 -> 100 5
7 -> 131 6
4 -> 101 1
32 -> 2 6
153 -> 106 1
79 -> 142 3
14 -> 112 1
44 -> 93 1
96 -> 22 6
145 -> 89 1
7 -> 3 3
5 -> 113 4
101 -> 2 4
54 -> 52 6
68 -> 20 6
82 -> 32 4
3 -> 57 5
166 -> 128 5
168 -> 162 6
193 -> 165 2
134 -> 100 1
156 -> 153 4
66 -> 97 2
25 -> 23 6
26 -> 16 1
190 -> 189 1
7 -> 92 6
40 -> 103 4
13 -> 21 2
105 -> 34 1
34 -> 56 5
5 -> 100 6
106 -> 154 2
63 -> 88 2
159 -> 112 1
178 -> 128 4
107 -> 106 4
19 -> 122 6
42 -> 43 6
32 -> 56 3
57 -> 29 3
29 -> 33 4
71 -> 22 5
100 -> 102 3
147 -> 123 1
86 -> 100 4
39 -> 52 3
70 -> 120 6
126 -> 140 5
68 -> 41 5
69 -> 13 3
51 -> 32 4
52 -> 97 6
181 -> 179 3
48 -> 72 2
139 -> 76 6
157 -> 105 1
114 -> 15 2
70 -> 94 1
85 -> 66 1
89 -> 85 6
103 -> 100 4
184 -> 109 6
128 -> 56 2
1 -> 105 6
9 -> 85 3
106 -> 54 1
57 -> 8 5
108 -> 28 2
57 -> 164 4
38 -> 78 2
1 -> 88 5
176 -> 39 5
1 -> 38 3
144 -> 113 6
60 -> 7 5
62 -> 151 6
146 -> 162 6
128 -> 127 2
34 -> 33 3
171 -> 96 5
19 -> 52 4
85 -> 176 3
6 -> 3 5
53 -> 21 1
100 -> 79 1
24 -> 66 1
121 -> 29 1
184 -> 171 1
128 -> 16 6
91 -> 163 3
1 -> 2 1
64 -> 116 4
63 -> 19 5
33 -> 32 4
80 -> 190 5
146 -> 176 5
72 -> 167 3
6 -> 41 2
35 -> 59 4
108 -> 101 5
10 -> 29 6
76 -> 51 2
170 -> 173 5
98 -> 160 1
4 -> 54 3
99 -> 97 4
156 -> 77 1
94 -> 97 1
141 -> 115 6
103 -> 29 5
66 -> 89 5
76 -> 150 2
153 -> 154 6
181 -> 175 3
107 -> 106 6
38 -> 144 2
191 -> 30 2
108 -> 150 4
91 -> 109 6
7 -> 38 5
37 -> 44 6
12 -> 21 6
2 -> 57 4
133 -> 137 4
10 -> 25 5
30 -> 43 5
172 -> 162 1
56 -> 4 4
76 -> 26 4
57 -> 51 6
127 -> 29 4
153 -> 81 2
29 -> 30 4
97 -> 44 3
22 -> 24 4
107 -> 132 4
12 -> 19 2
12 -> 65 1
40 -> 117 4
82 -> 10 1
112 -> 125 2
164 -> 15 1
13 -> 196 4
49 -> 62 5
22 -> 165 5
1 -> 100 4
121 -> 159 1
184 -> 80 3
56 -> 68 3
190 -> 79 3
149 -> 124 1
29 -> 26 5
118 -> 19 3
175 -> 63 6
9 -> 7 5
16 -> 10 6
185 -> 83 5
160 -> 60 3
105 -> 155 6
143 -> 44 2
66 -> 165 4
65 -> 187 6
4 -> 22 3
167 -> 102 4
140 -> 191 3
8 -> 20 6
117 -> 142 6
65 -> 53 5
126 -> 132 6
39 -> 22 1
88 -> 80 6
103 -> 51 3
13 -> 162 6
185 -> 103 2
96 -> 84 4
130 -> 105 1
86 -> 30 6
153 -> 165 2
3 -> 65 6
12 -> 37 1
13 -> 87 6
145 -> 133 5
69 -> 34 5
1 -> 5 4
32 -> 26 5
35 -> 79 1
139 -> 40 1
144 -> 20 1
193 -> 68 6
112 -> 164 5
24 -> 142 5
179 -> 80 1
11 -> 55 2
32 -> 140 2
116 -> 113 6
76 -> 57 3
4 -> 39 2
190 -> 79 2
65 -> 59 2
70 -> 21 6
3 -> 120 2
105 -> 128 6
76 -> 79 3
127 -> 34 3
92 -> 79 1
108 -> 143 1
131 -> 43 6
2 -> 26 6
107 -> 157 3
102 -> 106 1
11 -> 42 5
22 -> 166 1
38 -> 77 2
140 -> 128 5
7 -> 106 3
67 -> 51 5
117 -> 5 2
58 -> 64 2
100 -> 41 5
60 -> 103 6
13 -> 123 2
43 -> 66 2
162 -> 63 6
52 -> 105 1
28 -> 84 5
192 -> 102 2
37 -> 105 6
106 -> 118 6
188 -> 175 6
99 -> 116 4
77 -> 20 5
1 -> 51 2
106 -> 103 4
193 -> 72 2
55 -> 4 3
178 -> 180 2
30 -> 44 2
159 -> 156 4
97 -> 173 4
39 -> 110 6
163 -> 91 4
33 -> 127 3
108 -> 106 6
126 -> 78 2
103 -> 159 2
101 -> 106 3
67 -> 10 2
122 -> 121 6
64 -> 153 2
14 -> 18 3
29 -> 16 2
110 -> 132 1
140 -> 184 6
23 -> 86 1
13 -> 9 3
119 -> 52 6
52 -> 194 5
50 -> 2 2
115 -> 112 2
131 -> 193 6
127 -> 28 1
13 -> 40 1
130 -> 128 6
160 -> 60 1
6 -> 12 5
163 -> 176 1
19 -> 187 1
60 -> 109 1
2 -> 102 3
131 -> 112 2
17 -> 103 6
29 -> 85 2
175 -> 153 2
191 -> 41 2
177 -> 59 6
9 -> 108 2
101 -> 154 5
97 -> 13 2
159 -> 176 5
39 -> 51 3
30 -> 138 1
71 -> 68 3
52 -> 90 4
105 -> 3 2
137 -> 39 5
26 -> 112 1
151 -> 150 2
12 -> 6 5
113 -> 174 6
79 -> 185 4
16 -> 144 5
156 -> 52 1
55 -> 83 6
69 -> 5 6
51 -> 7 3
193 -> 100 3
54 -> 30 3
10 -> 22 2
104 -> 166 2
15 -> 103 6
63 -> 44 5
126 -> 36 5
71 -> 72 6
42 -> 32 3
6 -> 85 3
133 -> 38 2
13 -> 156 1
54 -> 171 3
103 -> 3 4
102 -> 1 2
156 -> 157 2
79 -> 57 4
154 -> 100 6
60 -> 61 2
79 -> 178 6
32 -> 181 2
13 -> 110 1
60 -> 12 2
18 -> 71 1
97 -> 57 1
47 -> 12 4
6 -> 29 6
24 -> 7 4
80 -> 30 6
106 -> 30 6
33 -> 77 2
3 -> 90 3
106 -> 108 3
88 -> 7 4
29 -> 140 3
71 -> 96 4
79 -> 32 1
10 -> 15 2
60 -> 83 4
13 -> 6 6
26 -> 29 5
28 -> 26 6
65 -> 16 3
17 -> 116 2
146 -> 109 6
32 -> 109 1
7 -> 10 5
58 -> 83 2
72 -> 169 4
165 -> 168 1
41 -> 105 6
131 -> 16 3
42 -> 113 6
32 -> 11 1
89 -> 97 4
178 -> 175 3
13 -> 30 6
125 -> 38 1
129 -> 147 5
32 -> 21 6
160 -> 86 5
64 -> 32 1
7 -> 107 1
43 -> 117 4
97 -> 84 2
125 -> 128 2
57 -> 167 1
4 -> 13 1
108 -> 123 3
33 -> 8 3
131 -> 181 3
131 -> 171 1
158 -> 57 2
18 -> 1 1
105 -> 3 6
150 -> 120 4
100 -> 97 6
106 -> 4 2
134 -> 136 6
14 -> 4 5
190 -> 69 2
4 -> 16 5
137 -> 178 4
26 -> 30 6
120 -> 23 5
66 -> 44 6
4 -> 35 4
26 -> 32 4
121 -> 142 6
115 -> 109 4
103 -> 16 1
44 -> 39 3
159 -> 68 6
10 -> 113 4
52 -> 58 2
21 -> 71 3
153 -> 4 2
164 -> 133 3
48 -> 129 2
119 -> 10 4
166 -> 30 3
144 -> 1 5
182 -> 80 3
102 -> 150 5
7 -> 11 5
81 -> 77 2
2 -> 159 2
10 -> 134 4
101 -> 100 5
38 -> 29 4
1 -> 35 6
85 -> 32 1
74 -> 97 4
165 -> 103 4
37 -> 10 6
4 -> 143 4
31 -> 168 1
54 -> 72 4
97 -> 79 1
16 -> 13 6
53 -> 191 6
91 -> 52 1
41 -> 93 5
57 -> 35 2
175 -> 165 1
107 -> 132 6
111 -> 109 5
10 -> 9 1
2 -> 66 5
161 -> 55 2
71 -> 90 3
54 -> 39 1
4 -> 5 1
20 -> 45 5
47 -> 140 5
15 -> 162 6
71 -> 72 6
51 -> 153 1
157 -> 51 1
25 -> 195 1
67 -> 94 3
19 -> 21 4
114 -> 15 4
82 -> 35 2
131 -> 32 2
121 -> 164 2
88 -> 94 1
153 -> 104 4
188 -> 35 4
100 -> 122 6
3 -> 9 4
116 -> 144 3
119 -> 61 3
157 -> 89 2
142 -> 140 3
163 -> 107 4
4 -> 10 2
16 -> 101 2
32 -> 8 5
104 -> 151 4
76 -> 158 4
193 -> 187 6
63 -> 54 4
4 -> 23 1
1 -> 76 4
128 -> 4 6
30 -> 7 2
7 -> 118 6
148 -> 184 1
18 -> 43 6
141 -> 5 2
115 -> 19 3
76 -> 40 3
196 -> 172 1
112 -> 55 3
80 -> 79 2
20 -> 137 1
60 -> 63 6
123 -> 68 4
4 -> 21 2
106 -> 187 3
115 -> 118 3
1 -> 7 1
187 -> 78 1
1 -> 103 1
105 -> 56 2
19 -> 15 5
53 -> 71 2
189 -> 140 1
27 -> 80 6
100 -> 2 2
59 -> 161 3
88 -> 100 5
62 -> 13 3
87 -> 159 2
10 -> 37 1
41 -> 104 5
78 -> 27 2
76 -> 192 5
2 -> 5 5
87 -> 185 1
22 -> 4 6
116 -> 125 4
61 -> 172 1
127 -> 125 2
3 -> 114 6
4 -> 104 6
54 -> 60 4
28 -> 177 4
151 -> 128 6
59 -> 62 5
100 -> 2 3
19 -> 22 5
2 -> 104 1
85 -> 32 3
107 -> 126 2
19 -> 171 4
39 -> 42 1
41 -> 19 2
12 -> 94 3
40 -> 13 1
161 -> 156 4
165 -> 112 5
197 -> 16 1
153 -> 104 5
51 -> 103 3
10 -> 60 6
24 -> 94 3
153 -> 4 2
196 -> 70 3
12 -> 149 3
138 -> 16 2
184 -> 58 5
149 -> 112 1
62 -> 104 3
3 -> 106 2
82 -> 143 4
127 -> 189 3
180 -> 177 2
84 -> 1 2
3 -> 78 3
5 -> 27 4
118 -> 167 1
13 -> 4 6
153 -> 162 4
46 -> 28 3
130 -> 184 5
1 -> 9 5
2 -> 7 4
117 -> 101 3
4 -> 102 6
19 -> 103 1
55 -> 8 5
79 -> 196 5
14 -> 1 2
112 -> 165 4
13 -> 127 4
51 -> 26 4
155 -> 196 2
29 -> 142 2
168 -> 51 5
1 -> 112 4
9 -> 12 1
168 -> 193 5
160 -> 80 1
98 -> 75 4
14 -> 39 4
63 -> 65 1
116 -> 97 2
78 -> 26 1
3 -> 7 6
2 -> 51 6
156 -> 154 4
79 -> 53 4
35 -> 194 3
182 -> 127 2
2 -> 16 3
8 -> 7 6
125 -> 76 2
71 -> 9 2
60 -> 63 2
38 -> 10 5
115 -> 114 6
140 -> 60 1
83 -> 95 2
16 -> 41 3
4 -> 175 6
150 -> 38 4
1 -> 94 2
192 -> 54 4
177 -> 29 4
150 -> 133 3
10 -> 73 3
187 -> 113 4
187 -> 196 1
63 -> 60 3
106 -> 137 5
103 -> 128 1
162 -> 72 3
78 -> 16 5
127 -> 1 5
172 -> 22 1
140 -> 125 3
159 -> 101 4
1 -> 13 6
171 -> 184 3
39 -> 29 3
137 -> 128 2
64 -> 14 3
112 -> 116 6
14 -> 20 6
102 -> 3 5
90 -> 76 5
181 -> 30 2
19 -> 96 3
47 -> 35 4
61 -> 51 2
5 -> 10 6
54 -> 4 5
29 -> 37 3
24 -> 49 2
141 -> 116 2
122 -> 110 4
126 -> 87 1
120 -> 4 5
147 -> 143 2
38 -> 133 3
2 -> 176 3
77 -> 176 6
25 -> 22 2
71 -> 59 4
85 -> 79 6
51 -> 39 1
23 -> 17 5
188 -> 66 4
139 -> 91 6
150 -> 175 5
168 -> 91 5
19 -> 104 3
169 -> 159 6
178 -> 140 5
80 -> 30 4
103 -> 104 6
78 -> 162 4
4 -> 26 3
80 -> 160 1
46 -> 102 5
82 -> 168 1
191 -> 146 5
8 -> 58 4
130 -> 143 6
2 -> 113 3
89 -> 14 6
140 -> 15 6
22 -> 10 4
174 -> 143 1
128 -> 36 1
53 -> 54 3
18 -> 121 4
45 -> 132 2
20 -> 15 6
131 -> 191 2
13 -> 14 1
84 -> 35 3
31 -> 76 6
112 -> 38 1
137 -> 15 2
9 -> 146 3
4 -> 133 3
106 -> 16 4
7 -> 26 5
117 -> 16 5
100 -> 53 2
72 -> 170 3
57 -> 69 6
42 -> 30 1
48 -> 22 6
190 -> 175 4
30 -> 39 1
106 -> 112 3
160 -> 81 3
38 -> 110 2
59 -> 111 6
51 -> 150 3
190 -> 70 5
10 -> 32 1
121 -> 149 6
41 -> 123 4
31 -> 19 6
32 -> 6 5
125 -> 190 4
143 -> 71 2
178 -> 103 1
10 -> 15 3
76 -> 180 6
32 -> 118 1
48 -> 67 3
40 -> 90 6
88 -> 164 3
68 -> 62 5
55 -> 151 3
23 -> 20 5
35 -> 3 1
18 -> 15 2
86 -> 95 1
1 -> 151 3
9 -> 35 3
4 -> 17 3
38 -> 47 1
128 -> 44 6
114 -> 164 6
120 -> 114 4
4 -> 82 3
123 -> 15 1
14 -> 27 6
103 -> 32 5
171 -> 193 2
117 -> 162 3
108 -> 127 2
30 -> 4 2
151 -> 153 4
125 -> 140 5
5 -> 2 3
64 -> 60 6
87 -> 131 4
4 -> 2 1
57 -> 62 5
55 -> 51 5
4 -> 35 5
181 -> 31 4
20 -> 33 4
13 -> 114 4
23 -> 24 4
150 -> 41 6
4 -> 9 4
104 -> 113 4
53 -> 65 1
136 -> 13 5
38 -> 115 2
9 -> 24 4
41 -> 8 5
4 -> 103 2
15 -> 54 4
71 -> 120 1
57 -> 128 4
110 -> 104 4
14 -> 16 5
137 -> 52 1
170 -> 196 1
52 -> 69 4
137 -> 106 5
79 -> 54 6
18 -> 15 5
37 -> 63 6
78 -> 150 6
137 -> 140 2
115 -> 18 6
62 -> 109 6
13 -> 2 4
159 -> 190 6
111 -> 103 6
87 -> 78 1
72 -> 21 5
51 -> 65 2
82 -> 91 6
109 -> 120 1
30 -> 82 5
45 -> 38 6
54 -> 184 5
163 -> 129 2
60 -> 76 2
118 -> 129 4
22 -> 70 4
137 -> 145 6
178 -> 82 5
168 -> 114 1
6 -> 114 1
112 -> 27 3
16 -> 3 2
151 -> 175 3
3 -> 106 2
30 -> 4 1
137 -> 44 4
167 -> 192 3
13 -> 16 5
151 -> 52 6
2 -> 4 1
142 -> 167 3
15 -> 106 3
67 -> 115 3
128 -> 100 5
15 -> 68 4
127 -> 35 3
11 -> 85 3
106 -> 133 3
162 -> 112 3
112 -> 18 1
188 -> 41 4
76 -> 26 6
136 -> 129 6
69 -> 19 3
53 -> 62 1
152 -> 161 2
153 -> 77 5
150 -> 162 6
3 -> 16 5
128 -> 131 1
112 -> 104 1
19 -> 44 2
105 -> 102 1
187 -> 131 2
4 -> 9 2
24 -> 6 3
117 -> 56 3
148 -> 134 5
165 -> 16 2
76 -> 182 2
59 -> 57 6
88 -> 77 3
100 -> 103 4
3 -> 108 3
26 -> 189 6
1 -> 10 2
125 -> 26 2
106 -> 125 1
23 -> 48 4
94 -> 88 2
93 -> 42 4
79 -> 50 6
87 -> 65 2
1 -> 108 6
3 -> 49 3
194 -> 163 1
17 -> 19 6
43 -> 34 2
113 -> 1 3
51 -> 27 3
15 -> 168 4
100 -> 156 2
122 -> 104 6
36 -> 85 3
191 -> 175 1
174 -> 159 4
19 -> 61 6
85 -> 32 3
139 -> 115 1
161 -> 159 5
126 -> 89 6
109 -> 133 2
121 -> 67 3
125 -> 178 5
13 -> 26 1
80 -> 27 3
95 -> 44 5
97 -> 46 5
129 -> 147 1
81 -> 99 6
159 -> 150 6
198 -> 171 3
52 -> 71 5
131 -> 106 5
131 -> 64 2
100 -> 165 4
131 -> 125 4
68 -> 55 5
59 -> 199 4
106 -> 17 5
115 -> 39 2
35 -> 80 2
125 -> 126 6
13 -> 22 5
196 -> 143 1
131 -> 22 2
12 -> 10 3
52 -> 3 5
77 -> 52 4
137 -> 47 4
178 -> 8 2
162 -> 106 5
11 -> 10 3
130 -> 103 1
106 -> 115 1
55 -> 32 2
129 -> 155 1
20 -> 194 4
84 -> 181 5
107 -> 5 6
45 -> 110 6
107 -> 143 6
20 -> 35 1
104 -> 179 3
143 -> 137 4
1 -> 114 4
49 -> 99 6
146 -> 139 2
13 -> 14 2
29 -> 4 4
53 -> 59 4
30 -> 79 5
152 -> 177 1
149 -> 112 4
1 -> 104 1
109 -> 119 5
126 -> 179 2
135 -> 36 1
136 -> 177 6
4 -> 16 3
74 -> 165 3
168 -> 165 6
13 -> 100 5
101 -> 2 3
60 -> 178 6
36 -> 134 1
101 -> 10 1
12 -> 9 5
119 -> 112 5
54 -> 153 6
12 -> 81 4
77 -> 81 3
14 -> 163 4
4 -> 128 6
30 -> 2 5
17 -> 14 3
4 -> 37 5
26 -> 32 6
62 -> 15 2
158 -> 159 5
47 -> 41 4
53 -> 105 1
32 -> 133 6
88 -> 165 1
69 -> 34 6
106 -> 137 3
11 -> 57 3
4 -> 10 6
109 -> 117 2
44 -> 22 2
102 -> 154 1
41 -> 29 5
101 -> 153 4
37 -> 74 3
115 -> 165 5
10 -> 9 6
36 -> 146 6
134 -> 139 2
67 -> 88 4
22 -> 23 1
95 -> 17 3
51 -> 91 3
79 -> 54 6
8 -> 126 2
137 -> 131 4
54 -> 64 3
18 -> 21 4
188 -> 113 4
18 -> 40 4
150 -> 60 6
26 -> 41 2
129 -> 196 1
101 -> 126 4
101 -> 12 1
119 -> 22 1
2 -> 52 4
144 -> 50 3
124 -> 66 3
63 -> 13 2
1 -> 65 5
76 -> 1 4
1 -> 90 2
165 -> 51 2
34 -> 45 5
128 -> 134 4
160 -> 150 3
16 -> 115 5
124 -> 94 4
2 -> 1 4
35 -> 6 3
78 -> 65 4
126 -> 187 5
185 -> 184 1
65 -> 59 1
26 -> 103 6
86 -> 32 2
3 -> 103 2
16 -> 109 3
38 -> 48 4
177 -> 79 3
118 -> 159 3
162 -> 9 2
141 -> 113 4
183 -> 133 4
26 -> 139 3
175 -> 177 4
65 -> 4 4
66 -> 181 1
60 -> 137 5
9 -> 100 3
120 -> 149 5
113 -> 8 3
74 -> 164 4
168 -> 159 3
22 -> 153 2
65 -> 9 4
130 -> 79 5
139 -> 40 4
58 -> 4 6
127 -> 139 1
109 -> 10 1
31 -> 32 4
78 -> 43 4
66 -> 153 4
33 -> 126 2
131 -> 82 5
166 -> 104 2
82 -> 179 5
30 -> 4 3
146 -> 40 2
120 -> 134 1
52 -> 59 5
163 -> 25 5
29 -> 7 6
11 -> 12 6
79 -> 27 3
114 -> 143 2
94 -> 168 6
166 -> 55 5
53 -> 56 4
4 -> 55 3
101 -> 2 5
57 -> 121 1
114 -> 91 2
94 -> 91 2
110 -> 7 4
63 -> 72 4
64 -> 58 2
23 -> 44 2
6 -> 106 3
103 -> 100 6
126 -> 131 1
118 -> 103 4
66 -> 51 6
18 -> 64 5
10 -> 103 5
87 -> 47 1
44 -> 138 2
32 -> 48 4
101 -> 4 2
94 -> 83 6
102 -> 105 3
53 -> 65 4
121 -> 161 3
29 -> 13 4
171 -> 68 1
26 -> 63 3
55 -> 5 4
100 -> 60 4
27 -> 2 3
60 -> 13 1
112 -> 99 2
103 -> 4 3
29 -> 41 1
65 -> 190 1
157 -> 160 3
102 -> 105 5
165 -> 145 4
54 -> 91 5
6 -> 28 2
103 -> 153 1
15 -> 25 4
113 -> 106 5
72 -> 153 1
191 -> 128 5
118 -> 192 6
78 -> 177 5
106 -> 12 3
193 -> 143 2
121 -> 44 6
88 -> 165 1
139 -> 137 1
103 -> 45 6
194 -> 88 5
1 -> 7 5
52 -> 4 4
34 -> 10 6
89 -> 92 4
19 -> 69 2
4 -> 44 6
51 -> 8 4
146 -> 96 5
83 -> 109 5
53 -> 112 4
17 -> 16 4
79 -> 82 4
104 -> 7 3
86 -> 162 4
162 -> 59 1
29 -> 28 1
158 -> 133 1
131 -> 191 6
101 -> 126 2
32 -> 68 3
137 -> 16 3
69 -> 97 1
131 -> 175 5
88 -> 13 4
137 -> 156 3
34 -> 94 3
187 -> 38 4
166 -> 168 3
14 -> 138 3
130 -> 78 5
74 -> 49 4
150 -> 57 5
52 -> 33 6
52 -> 1 3
100 -> 104 4
176 -> 171 6
159 -> 55 3
69 -> 193 5
131 -> 100 5
187 -> 140 2
7 -> 2 3
91 -> 166 5
10 -> 3 6
120 -> 114 1
136 -> 32 2
6 -> 3 1
121 -> 4 1
28 -> 139 4
159 -> 196 6
96 -> 140 2
9 -> 13 1
106 -> 7 5
29 -> 111 4
76 -> 66 4
11 -> 14 3
40 -> 112 4
164 -> 143 6
16 -> 21 2
184 -> 147 3
13 -> 158 1
100 -> 13 4
41 -> 90 2
29 -> 185 4
20 -> 54 1
19 -> 13 6
46 -> 164 3
140 -> 113 3
20 -> 19 2
176 -> 82 6
29 -> 122 3
156 -> 165 3
36 -> 29 5
64 -> 83 2
103 -> 105 6
105 -> 139 5
117 -> 18 4
138 -> 141 5
4 -> 2 4
10 -> 189 6
13 -> 19 4
44 -> 70 2
32 -> 181 3
133 -> 21 3
105 -> 103 3
83 -> 11 4
54 -> 5 4
125 -> 127 4
13 -> 89 5
55 -> 175 6
28 -> 4 5
2 -> 5 2
4 -> 153 1
195 -> 183 6
181 -> 154 4
136 -> 76 3
81 -> 79 1
43 -> 102 6
3 -> 29 6
54 -> 196 5
11 -> 5 1
15 -> 13 5
156 -> 150 6
13 -> 11 1
102 -> 1 6
41 -> 18 5
8 -> 9 2
8 -> 117 4
196 -> 96 3
185 -> 132 2
112 -> 3 2
18 -> 14 4
150 -> 53 5
54 -> 16 6
14 -> 124 3
26 -> 85 2
14 -> 112 1
44 -> 35 5
123 -> 108 2
72 -> 42 5
121 -> 146 4
103 -> 54 2
39 -> 17 4
26 -> 32 5
12 -> 84 6
144 -> 107 4
119 -> 143 3
19 -> 146 2
67 -> 4 4
187 -> 155 4
116 -> 42 1
106 -> 117 3
59 -> 66 3
29 -> 5 3
59 -> 53 2
94 -> 44 6
114 -> 102 2
94 -> 193 3
51 -> 66 3
44 -> 13 3
16 -> 13 1
105 -> 131 5
109 -> 121 5
8 -> 27 6
165 -> 163 5
82 -> 52 4
4 -> 109 6
104 -> 52 6
53 -> 153 5
125 -> 38 4
184 -> 29 2
41 -> 92 2
34 -> 109 5
103 -> 115 5
33 -> 32 2
6 -> 7 3
165 -> 162 6
29 -> 4 1
76 -> 167 6
14 -> 64 6
68 -> 73 5
8 -> 29 3
34 -> 7 2
51 -> 60 5
139 -> 177 6
121 -> 124 4
152 -> 3 4
41 -> 44 3
52 -> 150 2
95 -> 59 2
27 -> 177 5
97 -> 190 3
120 -> 114 6
60 -> 4 2
32 -> 155 4
1 -> 41 2
7 -> 8 3
57 -> 1 4
69 -> 19 3
3 -> 189 3
16 -> 6 5
60 -> 58 5
1 -> 7 1
4 -> 118 6
44 -> 109 1
156 -> 62 5
26 -> 24 3
64 -> 104 1
82 -> 32 4
13 -> 4 6
52 -> 58 6
29 -> 17 6
38 -> 118 3
128 -> 182 6
26 -> 76 4
116 -> 122 5
13 -> 7 6
104 -> 165 2
85 -> 63 6
77 -> 164 3
44 -> 41 4
51 -> 150 5
91 -> 192 2
1 -> 129 3
35 -> 49 1
156 -> 51 3
117 -> 150 1
61 -> 162 5
186 -> 81 2
142 -> 131 5
133 -> 29 3
139 -> 142 1
35 -> 50 2
44 -> 10 4
157 -> 8 5
125 -> 153 2
197 -> 47 1
59 -> 51 1
91 -> 66 4
7 -> 111 5
50 -> 42 4
177 -> 155 1
3 -> 41 5
39 -> 11 3
10 -> 60 4
89 -> 146 4
53 -> 114 3
18 -> 106 3
8 -> 32 3
125 -> 178 6
42 -> 13 1
51 -> 13 2
64 -> 157 1
195 -> 96 1
121 -> 145 4
93 -> 131 4
15 -> 164 3
145 -> 26 1
88 -> 89 3
13 -> 108 5
80 -> 58 6
120 -> 146 2
104 -> 160 2
61 -> 172 5
193 -> 166 5
13 -> 2 4
128 -> 26 6
47 -> 37 3
137 -> 135 3
13 -> 16 6
14 -> 20 3
80 -> 31 3
118 -> 32 6
165 -> 89 5
6 -> 56 1
100 -> 76 3
102 -> 108 4
20 -> 22 6
187 -> 27 4
43 -> 19 2
40 -> 46 3
45 -> 89 6
109 -> 13 5
41 -> 44 3
103 -> 54 5
159 -> 62 6
109 -> 106 2
109 -> 35 3
53 -> 69 4
19 -> 45 6
27 -> 77 4
112 -> 13 4
11 -> 110 1
100 -> 150 4
4 -> 65 1
81 -> 93 6
185 -> 86 6
69 -> 159 2
54 -> 4 4
178 -> 179 2
10 -> 13 3
51 -> 53 5
59 -> 100 1
33 -> 26 2
199 -> 61 1
30 -> 128 5
39 -> 100 5
165 -> 63 5
192 -> 118 4
36 -> 61 2
85 -> 79 2
82 -> 153 2
54 -> 17 6
101 -> 10 2
12 -> 13 4
17 -> 4 5
53 -> 158 1
104 -> 106 2
67 -> 80 5
114 -> 115 2
165 -> 196 2
183 -> 46 3
149 -> 146 3
116 -> 23 3
25 -> 113 4
54 -> 156 2
163 -> 57 6
21 -> 16 4
2 -> 72 1
102 -> 6 3
100 -> 7 2
134 -> 131 1
102 -> 125 2
101 -> 52 1
117 -> 142 1
115 -> 184 6
107 -> 7 1
15 -> 102 5
87 -> 99 2
14 -> 22 4
77 -> 33 1
4 -> 1 6
187 -> 163 2
45 -> 27 1
1 -> 9 3
108 -> 161 2
109 -> 56 1
53 -> 78 5
3 -> 34 6
190 -> 116 4
162 -> 196 4
42 -> 13 4
71 -> 15 1
69 -> 19 6
47 -> 85 4
137 -> 140 6
101 -> 188 2
57 -> 159 2
122 -> 117 2
112 -> 150 6
13 -> 41 5
111 -> 18 3
70 -> 52 4
59 -> 12 5
7 -> 1 5
142 -> 137 2
21 -> 146 6
46 -> 40 3
156 -> 2 1
115 -> 3 1
76 -> 34 2
45 -> 41 5
84 -> 15 3
57 -> 181 5
168 -> 164 5
37 -> 12 5
64 -> 21 6
34 -> 59 1
53 -> 34 2
117 -> 155 2
58 -> 71 3
12 -> 6 6
51 -> 156 6
153 -> 110 3
162 -> 183 2
29 -> 38 3
154 -> 71 5
48 -> 73 5
40 -> 41 1
3 -> 100 6
173 -> 165 4
125 -> 79 3
10 -> 88 6
131 -> 187 3
21 -> 119 1
18 -> 15 1
3 -> 19 2
44 -> 13 4
137 -> 157 3
21 -> 19 3
3 -> 111 1
115 -> 105 2
58 -> 61 4
8 -> 13 4
52 -> 2 2
12 -> 13 3
126 -> 27 2
180 -> 112 4
118 -> 106 5
101 -> 2 1
4 -> 13 4
126 -> 132 3
83 -> 21 1
139 -> 138 6
104 -> 115 2
86 -> 154 3
113 -> 116 5
155 -> 43 3
121 -> 13 4
139 -> 18 1
79 -> 26 6
152 -> 79 5
1 -> 100 5
46 -> 94 3
12 -> 4 4
30 -> 8 2
85 -> 6 1
125 -> 102 6
99 -> 63 2
188 -> 176 4
128 -> 4 1
112 -> 111 2
115 -> 190 1
153 -> 152 1
33 -> 29 1
139 -> 100 4
159 -> 171 3
102 -> 178 4
1 -> 29 3
35 -> 61 3
94 -> 95 3
5 -> 36 4
116 -> 52 4
171 -> 23 6
11 -> 2 4
112 -> 111 6
101 -> 32 2
82 -> 28 6
48 -> 39 6
67 -> 68 2
100 -> 104 5
177 -> 181 1
109 -> 4 2
38 -> 19 6
60 -> 52 5
103 -> 6 3
110 -> 3 5
14 -> 20 4
11 -> 94 3
184 -> 171 5
180 -> 90 5
107 -> 121 3
106 -> 154 3
51 -> 52 2
56 -> 6 4
176 -> 151 4
176 -> 125 3
143 -> 27 5
56 -> 115 3
109 -> 117 6
32 -> 69 4
10 -> 11 4
10 -> 23 3
129 -> 164 5
120 -> 16 6
4 -> 72 2
54 -> 4 6
54 -> 155 4
125 -> 26 1
17 -> 103 3
5 -> 36 5
109 -> 132 4
165 -> 66 1
1 -> 69 1
31 -> 6 5
109 -> 9 6
184 -> 156 1
175 -> 125 2
89 -> 188 1
67 -> 64 6
130 -> 31 1
15 -> 152 3
10 -> 12 6
51 -> 134 2
16 -> 15 2
15 -> 126 5
126 -> 30 1
186 -> 130 3
10 -> 169 1
12 -> 28 5
27 -> 1 4
103 -> 54 4
7 -> 103 5
6 -> 26 3
31 -> 40 1
36 -> 20 6
185 -> 169 1
13 -> 38 2
81 -> 182 1
128 -> 178 5
136 -> 111 4
28 -> 164 6
125 -> 100 6
56 -> 10 5
54 -> 57 2
1 -> 39 4
51 -> 2 5
57 -> 5 2
67 -> 162 3
103 -> 118 2
100 -> 126 2
61 -> 159 5
127 -> 106 1
128 -> 31 1
118 -> 159 2
108 -> 61 4
44 -> 26 1
190 -> 103 2
109 -> 107 2
140 -> 114 6
38 -> 2 3
65 -> 15 2
86 -> 25 5
60 -> 54 1
14 -> 16 6
83 -> 95 6
6 -> 1 5
96 -> 28 6
52 -> 5 6
29 -> 143 3
3 -> 26 6
88 -> 76 5
22 -> 7 4
49 -> 69 2
103 -> 100 3
29 -> 125 4
58 -> 17 3
156 -> 108 1
103 -> 118 3
84 -> 46 2
112 -> 4 1
55 -> 165 3
78 -> 82 6
10 -> 109 2
60 -> 181 3
4 -> 104 3
13 -> 35 5
150 -> 158 1
11 -> 26 1
72 -> 66 1
116 -> 156 3
79 -> 173 3
60 -> 32 3
156 -> 181 1
63 -> 156 3
178 -> 3 6
163 -> 179 4
156 -> 10 5
76 -> 38 5
60 -> 184 1
26 -> 140 3
139 -> 99 6
148 -> 115 1
43 -> 17 4
57 -> 13 5
20 -> 22 6
77 -> 38 5
73 -> 122 1
153 -> 176 3
21 -> 16 1
118 -> 162 4
104 -> 5 5
3 -> 63 6
143 -> 123 1
163 -> 151 5
153 -> 165 1
115 -> 88 3
123 -> 24 1
190 -> 16 4
54 -> 16 1
3 -> 41 5
74 -> 195 4
63 -> 82 5
94 -> 75 6
32 -> 96 2
121 -> 72 6
41 -> 32 2
73 -> 97 1
153 -> 51 2
85 -> 78 6
44 -> 69 2
88 -> 64 5
60 -> 190 2
79 -> 170 5
3 -> 30 3
44 -> 19 3
32 -> 29 5
51 -> 3 3
125 -> 38 2
15 -> 49 2
72 -> 190 6
26 -> 78 1
102 -> 3 4
12 -> 9 2
83 -> 77 4
106 -> 118 4
12 -> 7 3
31 -> 37 4
64 -> 91 3
9 -> 12 5
10 -> 112 3
10 -> 32 5
49 -> 68 4
108 -> 101 6
39 -> 5 6
109 -> 150 3
60 -> 59 6
57 -> 53 6
8 -> 20 6
131 -> 100 5
76 -> 143 1
146 -> 143 1
152 -> 15 5
24 -> 15 2
103 -> 106 3
38 -> 119 1
26 -> 129 3
7 -> 1 1
19 -> 16 5
181 -> 77 4
165 -> 67 2
27 -> 125 6
8 -> 107 4
140 -> 138 2
36 -> 13 6
103 -> 152 3
134 -> 29 1
2 -> 8 3
2 -> 7 6
165 -> 14 2
114 -> 43 5
29 -> 19 6
7 -> 85 4
26 -> 143 3
78 -> 75 3
137 -> 89 4
21 -> 12 5
151 -> 7 3
32 -> 108 6
7 -> 80 3
118 -> 21 6
121 -> 171 5
184 -> 128 5
8 -> 52 5
102 -> 152 2
151 -> 163 4
69 -> 57 6
7 -> 140 5
19 -> 115 5
45 -> 2 4
193 -> 145 3
32 -> 23 3
88 -> 79 6
151 -> 56 3
168 -> 156 3
4 -> 79 5
1 -> 125 3
91 -> 79 1
60 -> 54 2
171 -> 62 6
160 -> 185 4
54 -> 159 5
21 -> 111 3
191 -> 140 6
52 -> 27 6
28 -> 31 5
19 -> 143 6
162 -> 150 2
117 -> 115 4
72 -> 69 6
4 -> 10 4
8 -> 13 6
108 -> 102 1
51 -> 1 3
16 -> 137 3
2 -> 51 6
57 -> 13 3
52 -> 1 4
18 -> 4 2
63 -> 40 2
126 -> 113 5
80 -> 43 5
158 -> 131 1
1 -> 100 3
185 -> 44 6
104 -> 101 3
62 -> 86 1
101 -> 126 6
65 -> 1 5
193 -> 109 5
22 -> 21 4
63 -> 56 3
190 -> 167 4
66 -> 72 3
5 -> 6 1
170 -> 189 4
71 -> 72 2
184 -> 182 5
150 -> 51 2
165 -> 1 1
19 -> 118 1
125 -> 10 5
118 -> 115 4
4 -> 104 4
22 -> 16 1
3 -> 29 5
134 -> 146 3
24 -> 1 2
5 -> 4 5
122 -> 5 3
159 -> 150 6
65 -> 40 1
83 -> 187 2
41 -> 19 5
107 -> 52 3
153 -> 192 2
163 -> 52 2
118 -> 7 3
46 -> 136 4
22 -> 12 6
16 -> 17 4
69 -> 57 5
95 -> 94 6
60 -> 54 2
67 -> 104 6
109 -> 121 4
138 -> 113 6
146 -> 40 3
150 -> 19 3
56 -> 111 2
69 -> 72 6
103 -> 29 3
159 -> 140 1
36 -> 182 2
143 -> 92 2
72 -> 58 3
114 -> 131 5
115 -> 192 2
112 -> 116 2
128 -> 178 4
114 -> 152 5
18 -> 9 3
114 -> 101 2
118 -> 112 2
91 -> 22 3
27 -> 88 4
4 -> 72 5
121 -> 124 4
13 -> 132 5
157 -> 184 5
128 -> 29 2
180 -> 177 6
32 -> 42 5
103 -> 104 6
89 -> 17 5
16 -> 22 4
69 -> 51 6
56 -> 18 4
73 -> 197 3
100 -> 1 2
1 -> 42 1
1 -> 2 3
9 -> 109 5
59 -> 12 2
137 -> 112 3
10 -> 51 1
79 -> 34 4
154 -> 155 2
31 -> 35 2
150 -> 27 2
102 -> 100 6
120 -> 12 6
112 -> 100 3
121 -> 14 3
146 -> 41 5
72 -> 16 4
41 -> 42 4
9 -> 34 3
158 -> 186 6
115 -> 119 3
36 -> 121 2
7 -> 29 5
112 -> 187 3
53 -> 170 4
65 -> 57 5
13 -> 63 1
59 -> 165 1
105 -> 57 1
159 -> 177 3
173 -> 19 3
83 -> 107 2
130 -> 53 6
7 -> 31 4
128 -> 193 5
75 -> 85 1
31 -> 137 1
190 -> 137 3
177 -> 3 6
152 -> 51 1
23 -> 174 4
52 -> 176 2
118 -> 6 3
171 -> 191 6
7 -> 84 3
126 -> 127 3
115 -> 17 2
160 -> 152 4
19 -> 13 6
80 -> 67 4
29 -> 33 3
59 -> 9 2
121 -> 66 2
63 -> 19 3
117 -> 165 4
60 -> 51 1
118 -> 133 6
143 -> 41 6
35 -> 194 2
194 -> 79 3
32 -> 8 4
179 -> 79 6
26 -> 32 5
125 -> 28 2
106 -> 26 4
3 -> 21 3
67 -> 23 2
5 -> 16 1
29 -> 88 2
1 -> 14 3
82 -> 29 5
168 -> 162 3
42 -> 15 6
109 -> 110 3
190 -> 29 6
91 -> 53 5
16 -> 1 3
22 -> 60 5
59 -> 3 5
67 -> 1 3
59 -> 12 3
57 -> 155 3
114 -> 170 5
67 -> 66 3
20 -> 69 1
43 -> 117 6
55 -> 128 6
106 -> 128 4
76 -> 93 3
10 -> 15 3
10 -> 81 4
131 -> 137 3
102 -> 35 4
57 -> 155 1
140 -> 13 3
189 -> 169 1
31 -> 127 6
187 -> 162 5
29 -> 85 3
100 -> 107 1
14 -> 44 3
61 -> 91 4
178 -> 30 3
5 -> 11 5
101 -> 152 3
19 -> 26 2
85 -> 181 4
171 -> 165 4
67 -> 121 2
4 -> 115 4
1 -> 85 2
77 -> 178 5
91 -> 95 4
14 -> 114 2
1 -> 101 6
74 -> 98 4
9 -> 16 4
106 -> 113 4
7 -> 9 5
69 -> 63 4
40 -> 81 1
139 -> 72 1
48 -> 125 2
105 -> 31 2
6 -> 54 6
40 -> 88 6
137 -> 101 6
100 -> 128 6
69 -> 72 1
23 -> 137 3
62 -> 164 1
29 -> 56 6
7 -> 22 4
102 -> 28 6
134 -> 184 1
41 -> 4 3
145 -> 170 1
10 -> 26 6
192 -> 177 3
104 -> 51 2
185 -> 83 4
11 -> 54 3
34 -> 28 1
15 -> 114 4
34 -> 8 3
175 -> 134 6
37 -> 1 2
134 -> 30 5
32 -> 132 3
47 -> 114 6
26 -> 131 5
51 -> 150 2
85 -> 57 3
34 -> 47 2
68 -> 162 2
101 -> 1 3
54 -> 171 5
103 -> 82 4
178 -> 66 5
140 -> 13 3
2 -> 8 2
129 -> 166 3
150 -> 109 2
127 -> 16 3
53 -> 21 3
56 -> 5 3
42 -> 92 5
161 -> 137 5
18 -> 105 5
118 -> 112 1
40 -> 1 6
22 -> 69 2
130 -> 82 4
58 -> 82 4
103 -> 125 6
36 -> 63 2
3 -> 83 3
97 -> 32 3
51 -> 150 1
120 -> 164 3
63 -> 3 2
57 -> 175 2
109 -> 103 5
134 -> 130 6
7 -> 38 2
74 -> 15 4
10 -> 22 1
38 -> 36 3
112 -> 23 1
177 -> 175 3
43 -> 31 3
8 -> 157 5
8 -> 13 1
152 -> 180 3
32 -> 12 5
2 -> 51 5
97 -> 70 2
32 -> 41 2
33 -> 37 5
32 -> 38 5
118 -> 121 3
19 -> 20 1
158 -> 108 1
29 -> 32 1
181 -> 89 6
11 -> 70 5
83 -> 182 2
10 -> 103 4
50 -> 35 5
195 -> 96 6
14 -> 29 6
111 -> 112 4
12 -> 6 6
90 -> 178 6
84 -> 94 1
131 -> 125 3
10 -> 79 4
181 -> 190 2
145 -> 106 4
55 -> 81 2
39 -> 134 5
10 -> 26 1
4 -> 58 6
16 -> 63 2
134 -> 137 1
103 -> 115 5
175 -> 181 1
145 -> 123 1
141 -> 188 3
137 -> 187 6
81 -> 45 3
35 -> 7 4
134 -> 41 3
92 -> 66 5
35 -> 49 3
153 -> 63 4
60 -> 131 5
36 -> 101 5
44 -> 131 2
88 -> 39 4
88 -> 57 4
114 -> 155 1
166 -> 169 6
115 -> 185 1
103 -> 153 3
131 -> 35 3
100 -> 32 1
36 -> 57 1
64 -> 42 4
16 -> 76 3
5 -> 129 5
181 -> 8 3
20 -> 64 3
62 -> 56 5
155 -> 57 4
80 -> 185 2
157 -> 150 6
138 -> 171 6
54 -> 177 2
103 -> 154 3
10 -> 30 5
46 -> 76 5
3 -> 2 3
40 -> 49 2
178 -> 55 5
54 -> 6 6
179 -> 29 5
26 -> 193 4
93 -> 79 5
2 -> 66 4
54 -> 4 5
72 -> 51 5
172 -> 22 3
22 -> 194 2
51 -> 32 6
14 -> 190 2
16 -> 42 5
152 -> 156 3
114 -> 152 2
80 -> 26 1
133 -> 109 5
114 -> 152 5
121 -> 116 5
153 -> 146 3
178 -> 79 1
118 -> 139 4
166 -> 67 1
20 -> 1 5
109 -> 182 1
75 -> 72 2
57 -> 151 3
181 -> 158 3
159 -> 148 6
175 -> 76 3
136 -> 38 6
41 -> 10 2
134 -> 10 1
134 -> 189 3
103 -> 3 3
91 -> 38 4
64 -> 167 2
8 -> 2 4
138 -> 142 1
86 -> 98 3
13 -> 11 3
94 -> 13 6
91 -> 40 3
85 -> 128 4
180 -> 14 4
108 -> 153 4
66 -> 151 2
113 -> 44 1
157 -> 7 4
150 -> 64 6
68 -> 40 3
57 -> 181 1
39 -> 112 1
13 -> 41 6
113 -> 7 5
165 -> 115 3
39 -> 88 2
78 -> 76 3
137 -> 187 5
1 -> 100 6
40 -> 22 6
113 -> 122 3
50 -> 88 6
150 -> 100 1
115 -> 20 4
36 -> 189 6
58 -> 70 4
71 -> 90 5
63 -> 160 1
80 -> 86 1
39 -> 144 5
48 -> 99 2
115 -> 32 1
55 -> 76 4
18 -> 120 1
4 -> 54 4
66 -> 172 2
78 -> 151 1
134 -> 106 3
14 -> 4 1
85 -> 4 6
78 -> 42 1
90 -> 3 4
6 -> 56 6
14 -> 39 4
54 -> 93 3
22 -> 59 4
100 -> 156 6
151 -> 176 1
145 -> 15 3
47 -> 16 5
63 -> 58 4
67 -> 54 4
54 -> 4 5
54 -> 143 2
115 -> 15 1
14 -> 113 6
51 -> 81 5
81 -> 82 1
114 -> 7 5
101 -> 54 4
7 -> 117 3
129 -> 127 2
51 -> 150 4
12 -> 82 5
182 -> 26 3
96 -> 115 1
196 -> 192 1
83 -> 11 3
69 -> 125 1
183 -> 127 4
157 -> 156 3
133 -> 137 2
54 -> 52 1
175 -> 51 4
131 -> 159 5
10 -> 9 6
142 -> 165 4
130 -> 105 6
39 -> 41 2
133 -> 22 5
1 -> 34 5
27 -> 128 5
95 -> 102 3
39 -> 30 4
29 -> 33 1
6 -> 87 4
115 -> 89 6
4 -> 55 4
165 -> 4 5
15 -> 1 1
69 -> 71 3
16 -> 57 3
16 -> 14 3
28 -> 39 6
104 -> 94 5
118 -> 122 4
45 -> 31 3
56 -> 150 4
23 -> 10 6
39 -> 42 1
51 -> 4 4
85 -> 90 1
63 -> 150 1
189 -> 38 1
150 -> 63 2
140 -> 8 1
145 -> 150 3
69 -> 157 3
51 -> 27 3
